88.9449 222.945
93.5256 218.502
99.7219 217.773
105.722 219.651
111.226 223.732
133.647 222.048
148.009 218.004
162.657 219.062
175.137 224.958
183.195 235.903
118.25 250.676
111.869 264.912
105.271 277.865
98.4059 291.135
95.1005 305.494
99.7471 308.044
105.128 309.286
113.525 309.378
121.758 308.399
90.1406 249.428
95.6997 243.805
104.205 244.87
110.789 251.938
103.179 252.71
95.9357 251.801
140.423 252.538
147.945 245.558
157.237 247.213
164.926 252.92
156.226 254.527
147.764 254.539
92.0834 334.054
92.472 328.328
96.8662 323.807
104.215 325.196
116.252 326.105
128.463 331.359
139.665 338.139
129.281 344.676
116.652 348.074
104.541 348.851
97.7559 346.444
93.9644 341.149
99.8339 333.301
105.614 333.705
119.039 335.747
118.333 339.115
105.182 339.244
100.39 337.636
