118.981 205.387
132.36 193.708
149.07 186.544
166.756 185.772
184.123 187.965
220.695 184.652
233.919 178.883
247.215 176.616
260.621 177.567
271.677 184.197
207.609 209.649
211.355 227.299
215.657 245.558
219.945 263.491
195.929 284.583
207.228 285.185
219.192 284.656
228.475 282.476
236.676 279.827
143.307 225.154
153.234 218.207
165.348 215.862
176.258 222.18
166.086 225.052
154.733 225.711
230.154 215.659
239.726 208.303
251.291 206.434
261.348 212.006
251.605 216.027
240.951 216.677
178.359 320.399
192.887 314.002
207.204 308.063
222.53 308.135
233.427 304.775
244.143 306.739
255.104 309.54
247.194 319.727
236.391 326.627
224.047 329.257
208.436 330.038
193.402 326.603
204.169 316.97
223.135 314.736
236.485 313.045
237.091 315.012
222.871 316.904
204.805 317.849
