134.539 229.282
143.992 219.862
156.189 214.082
168.927 212.057
182.522 213.351
223.327 214.446
230.826 212.285
238.472 213.233
245.65 216.426
251.867 222.269
203.295 251.745
206.523 267.887
210.003 284.118
212.901 300.419
186.836 311.964
197.148 315.496
207.811 317.052
216.308 315.281
223.707 310.608
153.417 253.99
161.877 249.584
171.15 249.294
178.769 255.503
170.043 257.195
161.535 256.389
219.532 256.699
226.746 250.998
235.058 250.629
241.667 255.459
235.315 258.118
227.48 258.291
171.861 338.659
184.139 334.22
195.998 331.473
207.978 330.819
215.859 329.62
223.996 330.79
230.73 335.031
223.176 338.18
215.776 340.387
208.204 341.131
196.605 341.451
184.32 340.646
192.921 336.851
207.775 336.203
215.863 335.287
216.39 335.52
207.85 335.768
192.685 336.545
