179.728 261.54
189.056 252.026
201.193 246.347
214.707 246.646
226.919 251.344
253.767 255.108
258.56 250.263
264.758 247.333
270.866 247.232
275.896 251.607
243.265 278.65
249.196 292.707
255.743 305.904
262.015 319.513
239.2 338.582
247.278 339.715
255.042 339.775
259.678 338.496
264.236 335.919
193.568 284.71
202.614 276.734
212.944 274.87
219.589 282.266
212.987 286.101
203.441 286.21
250.113 281.814
258.019 273.777
267.079 272.913
272.161 279.833
267.168 283.452
259.043 283.664
215.285 368.076
228.068 363.814
240.644 360.311
253.547 361.202
258.958 359.355
263.813 361.647
265.16 365.525
262.012 373.3
257.472 379.109
250.904 381.951
238.157 380.986
225.882 376.225
237.012 370.085
251.309 370.543
257.77 368.648
257.91 368.73
250.622 371.014
236.279 370.729
