134.666 253.15
143.264 244.04
155.145 239.089
167.628 240.273
179.26 245.244
218.968 247.26
228.541 242.466
239.11 241.029
249.387 243.831
257.576 251.379
201.213 271.35
202.835 287.773
204.69 304.763
206.248 321.074
187.49 333.947
196.199 335.959
205.476 336.729
213.035 335.578
219.888 333.243
148.487 276.027
157.139 268.708
168.253 267.653
176.269 275.713
167.586 278.526
157.739 278.647
220.245 277.769
228.393 270.857
238.9 270.469
246.273 277.743
238.68 281.076
228.977 280.535
167.97 362.37
180.337 358.064
192.876 355.073
206.015 356.649
215.233 355.001
224.348 357.174
233.114 360.292
225.906 369.799
216.545 376.889
204.836 378.766
191.045 377.036
178.285 371.002
190.867 364.572
205.497 365.809
215.8 364.457
216.358 365.539
204.917 366.908
190.17 365.528
