110.431 199.985
121.232 193.488
133.886 190.479
146.964 191.289
159.298 195.534
199.346 198.335
209.921 194.034
221.969 192.807
233.481 195.174
243.3 200.854
179.035 217.775
179.073 231.064
179.156 244.409
179.378 257.545
164.478 276.703
171.359 278.259
179.3 279.143
187.128 278.605
193.862 276.781
122.772 220.294
133.297 212.209
146.21 212.867
154.86 223.702
143.615 226.39
131.753 225.631
202.081 225.715
210.748 215.215
223.549 213.582
233.409 221.976
224.02 227.163
212.618 228.005
143.975 309.521
155.467 301.761
167.435 296.862
180.035 297.471
191.089 296.078
201.841 300.228
211.16 308.031
201.876 315.873
191.458 321.672
179.427 323.76
166.432 322.233
154.74 317.304
165.191 307.486
179.573 307.866
192.751 306.956
192.842 307.757
179.199 308.51
164.482 308.209
