76.2647 210.733
82.8482 206.395
90.8655 206.356
98.5912 207.398
105.746 211.288
150.467 209.802
164.053 205.406
178.051 204.409
192.283 207.587
202.523 215.608
129.608 240.354
126.663 256.019
122.902 271.279
119.258 287.256
111.139 301.566
116.526 304.776
123.807 306.358
134.664 305.894
144.931 304.043
84.7336 242.049
93.0697 236.114
104.262 238.381
112.602 247.313
101.993 249.033
91.6763 248.766
159.707 247.693
167.681 237.78
180.777 237.665
192.679 244.437
181.783 248.662
169.857 249.811
106.604 330.354
110.702 323.917
118.42 320.175
126.495 321.822
141.049 321.793
154.985 327.184
169.68 331.405
157.221 340.36
143.314 345.193
128.614 345.6
119.154 343.531
112.429 337.849
119.427 330.672
127.481 331.484
144.478 331.468
144.526 332.793
127.527 333.074
119.474 331.964
