90.4296 195.892
97.1608 189.875
106.434 187.562
115.295 189.831
123.063 194.809
158.922 199.542
172.585 196.869
186.56 198.123
200.004 203.84
210.871 212.903
138.595 227.337
135.186 239.414
131.424 250.851
128.024 261.926
120.065 278.764
124.39 281.112
129.885 282.23
137.337 282.459
144.845 281.685
96.383 223.786
104.551 217.114
114.2 219.578
121.03 228.667
111.615 231.227
102.319 230.044
162.399 233.148
170.431 224.223
181.487 225.807
191.909 233.212
181.446 238.069
170.905 237.687
108.979 305.138
113.546 299.278
120.366 296.098
127.72 298.05
140.327 299.642
151.144 304.97
161.595 310.702
150.636 315.815
138.592 318.697
126.282 318.823
118.845 316.19
112.94 311.529
120.473 304.778
126.91 305.878
140.223 307.343
139.909 308.569
127.044 306.906
120.085 306.023
