152.91 205.198
162.627 197.135
174.852 193.237
187.872 193.031
200.251 195.391
226 192.068
233.271 187.991
241.498 186.244
249.879 186.091
257.184 189.121
216.118 217.176
221.135 231.037
226.213 244.559
231.248 257.902
210.523 274.598
219.277 275.718
227.698 275.377
234.024 273.358
238.987 269.702
167.981 224.099
177.812 218.151
188.203 217.255
195.914 223.771
187.614 227.961
176.99 228.419
232.018 220.376
237.825 211.927
245.687 209.103
252.778 212.348
248.23 219.57
240.477 221.637
196.969 300.796
207.594 296.299
217.36 291.618
228.653 290.053
234.332 288.166
240.347 290.229
245.544 294.397
242.292 301.751
237.162 308.117
229.383 311.342
218.021 312.292
207.084 307.873
217.249 300.329
228.814 298.275
234.637 297.541
234.693 298.64
228.586 300.497
217.566 301.155
