101.554 226.007
114.552 216.729
130.584 213.098
146.736 214.601
161.982 220.375
200.202 225.152
215.142 220.904
230.807 221.231
245.325 226.816
257.102 236.894
178.513 255.9
177.309 271.618
176.254 287.521
175.12 303.539
158.14 319.336
165.677 321.88
173.478 322.946
180.368 322.458
187.098 320.835
117.741 252.942
128.771 245.216
142.29 246.975
149.506 257.162
138.369 259.295
126.928 258.383
203.047 261.737
212.847 252.224
226.169 251.872
235.486 261.278
225.383 265.228
213.745 265.071
137.984 357.533
148.257 349.079
159.667 342.272
172.555 343.57
184.787 343.411
194.324 351.094
202.329 360.208
192.052 366.303
181.566 369.829
169.81 370.837
158.069 368.949
147.465 364.669
157.486 354.185
171.564 354.694
184.179 354.926
184.165 355.111
170.793 354.619
156.899 354.286
