78.7819 166.757
85.3557 163.235
93.1657 163.182
100.353 165.597
106.175 169.862
137.586 168.757
154.04 166.014
171.439 166.787
187.95 172.372
200.755 183.158
117.016 197.242
110.413 209.686
103.222 221.521
96.1071 232.605
94.6102 251.979
98.4861 254.108
103.469 255.82
111.026 256.206
119.401 256.154
81.9574 198.059
87.5626 191.731
96.2999 193.035
104.43 201.103
95.6636 201.352
87.6034 200.882
145.49 203.231
154.955 197.486
165.476 199.514
176.697 205.46
165.385 206.393
155.159 205.361
83.8456 282.864
85.6334 276.581
91.2495 273.133
97.8822 274.849
111.768 276.706
124.321 283.902
136.213 291.661
123.167 297.718
108.979 299.416
95.1271 298.244
88.639 295.389
84.5507 290.427
91.3342 282.829
98.0055 285.003
113.384 287.483
112.126 288.791
96.7691 286.561
90.2603 284.568
