98.8106 234.179
107.757 231.546
117.075 232.25
125.731 233.703
133.485 237.3
170.76 234.936
182.385 231.058
194.924 229.152
208.198 229.034
220.676 232.503
153.288 262.699
152.548 276.365
151.592 289.609
150.516 303.788
142.709 317.125
148.403 318.177
154.549 318.627
163.099 317.477
171.347 315.77
108.286 259.732
117.791 255.869
127.966 257.935
135.357 265.681
125.131 267.931
115.22 266.697
179.397 265.328
187.152 256.906
198.702 255.633
209.846 259.259
201.32 266.276
189.836 267.809
134.778 339.658
140.627 334.528
147.995 331.295
156.148 332.424
167.741 331.012
179.144 334.214
190.246 338.292
180.743 345.275
170.039 348.758
158.346 350.304
149.122 349.795
141.353 346.209
147.954 338.967
156.701 339.589
170.258 337.858
170.539 338.978
157.376 340.449
148.077 340.24
