87.1751 224.444
96.0476 217.242
108.059 216.271
119.333 218.398
130.286 223.83
178.418 225.455
194.071 220.613
210.419 219.238
226.572 222.526
240.442 230.872
155.051 263.583
153.779 279.289
152.314 294.851
151.113 310.794
137.65 327.231
145.575 329.721
153.939 330.658
163.783 329.682
173.5 327.325
101.309 257.771
111.79 251.267
123.507 253.726
132.835 263.715
121.26 266.168
109.561 264.863
181.974 264.7
191.596 254.286
205.035 253.578
218.008 260.399
206.799 266.808
193.651 267.945
127.705 358.742
135.11 353.089
143.736 349.512
153.549 351.39
167.345 350.357
179.746 354.32
192.899 358.619
180.785 366.483
168.607 372.648
154.426 374.58
144.262 371.77
135.856 365.391
143.691 358.142
154.139 358.888
169.689 358.695
169.708 359.567
154.247 360.323
143.785 359.151
