77.4882 161.314
82.2523 159.783
86.9524 160.268
91.5209 163.63
95.275 168.031
119.795 159.073
135.529 153.105
152.869 151.439
168.741 154.886
182.131 164.206
106.135 194.265
99.479 209.401
91.8291 223.64
83.9023 238.382
83.1051 254.579
88.2832 257.93
94.7263 260.052
102.159 260.366
112.147 259.814
81.688 194.178
86.784 190.026
93.5229 192.059
98.1631 197.891
92.6081 199.892
86.3308 199.313
134.444 196.144
141.327 187.144
152.274 186.531
163.343 189.536
153.42 195.174
143.728 196.591
82.2449 288.192
82.0466 283.146
85.5602 279.582
91.7623 281.305
104.126 282.987
115.978 288.025
128.628 293.934
117.815 299.593
104.67 301.767
91.7712 301.784
85.5388 299.191
81.4818 294.219
88.4867 288.882
92.7787 289.747
106.29 291.675
105.268 293.845
92.0596 292.762
88.4595 291.45
