162.346 228.365
175.667 220.792
190.426 218.129
205.458 220.298
219.155 226.977
243.014 232.455
249.929 228.23
257.661 225.523
265.282 225.063
271.417 229.007
231.482 266.851
235.906 280.845
240.662 294.443
245.217 308.433
218.192 324.57
227.085 326.937
236.231 327.973
241.386 326.275
245.191 322.98
171.189 260.22
183.117 255.131
194.787 255.445
202.054 264.642
192.497 268.298
180.315 267.375
241.938 265.26
249.073 257.669
258.042 256.274
262.94 262.722
258.591 268.747
249.883 268.861
202.584 357.163
212.549 350.465
223.449 345.221
235.837 346.289
240.968 343.944
246.056 346.863
247.414 352.666
246.949 361.908
241.742 368.69
233.647 372.296
221.959 371.153
211.021 365.915
223.144 355.054
234.737 355.414
238.223 354.243
238.763 355.031
234.66 357.36
223.522 356.818
