88.0002 212.203
97.1693 207.009
107.679 205.777
117.776 206.754
126.645 210.961
170.66 204.633
185.815 198.924
201.972 196.055
218.559 197.723
232.503 205.828
149.034 238.021
147.092 255.113
144.861 271.873
143.292 288.699
132.102 307.519
139.578 309.913
147.797 310.892
159.011 309.231
169.919 306.086
100.589 245.79
108.963 240.218
119.091 239.997
128.97 245.832
118.964 248.866
108.733 249.304
179.746 241.511
189.048 234.473
200.495 234.075
212.406 237.401
201.346 242.49
189.742 243.699
122.465 344.435
128.26 335.265
137.649 328.827
148.654 329.06
164.287 328.2
179.283 334.117
194.756 340.183
180.408 348.928
166.245 355.999
151.257 358.439
140.205 357.311
131.032 351.839
139.003 342.309
150.067 341.6
167.824 340.391
166.707 341.98
149.646 343.779
138.657 343.926
