168.572 227.747
178.422 216.287
192.69 211.115
207.367 211.355
221.223 214.664
252.527 216.816
258.621 211.634
265.904 208.78
272.095 209.398
276.948 213.836
242.31 247.932
249.065 264.149
255.636 280.066
261.753 295.715
234.204 312.387
243.041 314.548
250.476 315.104
255.823 312.831
260.239 309.545
187.411 253.227
199.645 245.911
210.247 243.658
216.657 251.881
209.75 256.286
198.894 256.04
248.861 249.521
257.075 240.095
266.481 237.877
268.653 246.001
265.817 251.39
257.717 251.399
216.862 343.417
227.227 337.497
237.857 331.878
249.249 331.954
255.91 330.859
259.403 334.923
258.335 339.203
256.202 345.854
253.599 352.501
247.692 356.084
236.597 356.018
225.571 351.618
236.142 342.197
246.159 341.905
252.268 340.529
252.045 340.111
247.295 341.695
237.135 342.941
