187.985 215.753
198.142 211.775
207.036 210.164
216.139 211.638
226.325 213.139
245.543 213.853
245.657 207.92
246.415 202.637
247.875 198.021
251.433 193.167
241.855 230.738
249.414 244.355
257.291 257.302
264.545 272.346
241.226 294.565
249.955 295.284
257.757 294.345
261.757 292.036
264.008 288.981
192.241 239.558
200.676 234.57
209.407 232.778
217.283 238.794
210.663 242.744
201.058 243.033
242.107 230.467
246.042 221.23
253.469 218.136
260.571 220.679
256.679 226.638
249.286 230.601
216.962 326.79
228.989 319.204
241.953 313.959
255.963 312.172
260.188 310.49
263.767 311.965
265.731 316.198
265.458 324.433
262.199 331.024
256.26 335.645
243.059 337.635
229.54 334.159
239.146 323.528
254.249 322.027
260.043 318.819
261.646 321.366
255.553 324.387
239.886 326.967
