154.13 258.391
165.403 250.651
178.231 246.058
191.239 243.938
204.771 244.041
234.376 242.675
240.318 239.209
246.816 237.585
252.927 237.449
258.353 240.064
222.845 271.427
227.069 283.709
231.313 295.58
236.351 307.659
215.216 325.749
223.279 326.68
231.228 326.526
235.529 325.19
238.661 322.635
171.959 277.187
180.304 271.777
189.898 269.898
196.812 276.48
189.344 280.672
179.755 280.302
234.369 272.109
240.498 264.413
248.83 261.957
253.924 266.369
249.735 271.918
242.366 273.268
202.642 354.945
212.139 349.389
221.781 343.862
233.501 341.525
240.265 340.638
245.883 343.782
248.159 350.315
245.512 355.849
240.282 359.447
233.941 361.623
223.122 362.257
212.738 359.592
224.616 350.781
233.198 349.919
237.372 349.274
238.176 350.42
233.962 351.876
225.247 352.549
