84.2205 227.061
89.9029 224.762
96.0489 224.952
101.757 226.872
107.823 229.397
142.575 226.153
154.631 222.657
167.759 221.821
180.315 224.518
190.976 230.709
124.139 260.308
120.156 275.462
115.765 290.288
111.748 305.346
111.556 317.301
115.507 319.247
120.138 320.274
127.668 320.179
135.047 320.042
90.3127 254.576
94.9514 248.909
103.491 250.397
109.741 258.687
101.371 259.834
93.7618 259.487
150.528 258.455
157.04 249.087
167.823 250.014
178.701 254.637
169.799 259.121
159.043 260.522
106.747 339.022
108.435 334.255
113.881 332.868
119.809 334.081
133.733 335.306
146.378 340.475
158.502 345.847
147.435 352.798
134.911 356.491
122.094 356.523
114.938 353.137
110.02 346.727
116.512 341.521
121.487 341.976
133.994 343.643
134.2 345.202
122.115 344.208
117.346 341.813
