83.6696 191.865
90.3499 187.977
98.4774 187.676
106.902 189.023
114.671 191.737
148.233 190.445
162.943 189.173
177.72 190.157
191.484 194.488
204.383 200.826
128.476 224.278
124.652 238.207
120.563 252.289
116.595 266.564
110.129 284.804
116.122 288.125
123.334 289.013
131.522 288.063
139.86 285.232
89.5825 221.274
96.3079 213.865
107.22 216.387
114.465 226.712
104.612 228.846
94.6101 228.148
157.836 226.039
165.734 216.118
178.785 217.389
189.684 225.392
178.64 230.397
166.721 230.977
101.639 315.825
104.855 307.594
112.354 303.154
120.936 304.421
134.075 304.507
146.014 310.979
157.118 318.628
146.462 326.517
133.754 332.084
120.329 333.283
111.513 331.367
105.081 324.67
115.008 316.152
121.243 316.333
133.136 316.508
132.785 317.565
120.305 317.513
113.517 316.899
