124.802 163.887
138.843 158.621
154.809 158.413
169.629 160.781
183.556 165.925
230.427 170.833
241.18 166.438
252.766 164.318
263.915 165.398
272.268 171.858
205.444 200.612
206.319 217.086
207.888 233.325
209.406 249.86
183.089 263.664
193.856 266.118
205.052 267.522
214.319 266.765
222.551 264.295
140.741 197.796
154.135 192.704
167.627 194.336
176.458 203.577
164.55 206.302
151.561 204.251
229.099 206.829
238.714 198.55
250.281 196.596
260.603 202.817
251.924 208.541
240.239 209.074
161.357 290.707
175.727 288.013
190.19 284.96
205.08 285.934
215.225 285.198
224.341 288.373
233.237 291.294
225.715 300.86
215.849 307.676
203.356 309.769
187.475 307.869
173.202 301.526
185.146 292.132
204.572 293.697
218.199 293.421
217.74 294.075
203.898 294.66
184.63 293.351
