130.246 243.113
142.485 237.099
155.705 235.243
168.482 236.93
180.656 241.357
216.555 241.946
228.013 238.253
239.949 237.281
251.851 239.46
261.769 245.985
200.467 269.027
201.888 283.771
203.454 297.869
205 311.991
187.876 327.571
195.598 328.987
203.568 329.735
210.312 328.766
216.273 326.864
142.484 265.712
154.431 261.076
165.929 262.154
173.615 271.608
163.038 273.596
151.705 271.906
220.884 272.721
228.573 263.854
239.461 262.487
250.355 267.279
242.277 274.052
231.833 275.013
167.685 360.237
178.206 352.298
189.417 347.025
201.565 348.313
211.87 347.665
220.859 353.403
226.786 362.291
219.035 369.302
209.558 373.398
198.903 374.551
187.037 373.368
176.431 367.823
188.085 357.74
200.535 358.099
210.355 358.349
210.036 358.91
200.281 358.728
188.11 358.244
