83.7954 210.479
92.1861 209.193
101.046 211.569
108.98 214.866
116.12 219.303
144.989 216.001
158.481 209.851
173.281 206.899
188.371 208.483
202.08 213.571
130.557 248.837
127.411 262.818
123.573 276.617
119.423 291.004
112.458 304.702
118.508 309.112
126.638 311.173
136.921 309.721
146.675 306.474
91.7024 241.714
97.6261 234.84
107.931 237.117
115.72 247.215
106.194 248.033
97.2382 247.287
159.667 247.021
165.816 234.986
178.029 234.169
189.839 240.882
180.487 246.083
169.344 248.432
107.084 334.915
112.175 328.598
119.033 324.632
127.077 325.582
141.058 325.066
153.657 329.47
165.269 336.719
154.522 344.346
142.584 349.098
129.523 350.137
119.807 348.024
112.784 341.944
119.479 334.166
128.439 334.437
143.396 334.007
142.617 336.333
127.974 336.345
119.515 335.823
