106.924 231.51
118.059 225.116
131.301 224.874
144.099 228.434
156.078 234.443
194.87 233.705
206.382 227.357
218.852 223.616
232.261 224.346
243.939 228.526
176.368 259.412
176.723 276.277
176.914 292.678
176.91 309.591
159.001 318.029
167.041 321.052
176.906 322.704
186.361 320.801
194.994 317.683
119.336 256.744
130.805 250.609
143.604 252.412
151.925 263.713
140.092 263.715
128.502 261.972
202.222 262.063
209.399 250.488
222.186 247.99
234.083 254.508
225.399 260.066
213.864 262.262
146.952 348.414
156.732 341.981
166.937 337.282
178.479 337.89
190.163 336.003
201.431 339.203
213.001 345.422
203.585 354.557
192.414 360.029
179.983 362.079
167.255 361.021
156.617 356.192
166.407 346.508
178.987 346.116
192.574 344.891
192.592 346.31
179.319 347.328
166.653 348.004
