186.099 145.695
195.964 138.607
208 137.199
219.917 139.538
231.78 142.367
255.741 149.434
258.393 147.962
261.986 146.224
265.194 145.807
267.975 147.129
241.64 175.175
246.422 187.447
251.971 199.06
257.138 211.01
232.001 226.322
239.114 227.095
244.951 228.045
249.391 227.897
253.752 226.446
195.141 167.457
204.584 164.859
213.939 166.189
218.799 173.603
211.47 174.526
203.045 172.552
247.718 178.913
254.524 173.489
261.002 173.922
262.603 179.524
258.873 182.015
253.165 181.739
210.809 252.526
222.49 248.249
234.503 245.163
245.915 246.233
253.145 247.002
256.013 252.116
254.764 256.962
252.944 262.537
248.973 267.163
242.806 268.552
230.382 266.045
218.956 261.294
229.122 252.801
243.408 253.827
250.688 254.68
249.781 257.457
243.938 257.266
229.489 255.918
