172.104 215.881
182.359 207.963
194.769 204.676
208.086 204.204
220.867 206.776
249.398 209.193
255.022 205.824
261.079 204.229
267.036 204.661
271.411 207.901
239.199 238.873
244.791 251.199
250.691 263.454
256.51 276.103
232.939 292.991
240.736 293.936
249.129 294.359
254.199 292.916
257.684 289.706
186.163 240.367
196.322 235.265
205.796 234.592
212.552 241.072
204.826 245.287
194.624 244.905
249.176 238.3
255.56 232.015
263.182 230.725
267.771 236.512
263.584 241.392
256.082 241.074
212.884 323.873
223.802 316.919
234.783 311.359
247.374 311.611
252.38 309.946
257.021 313.424
258.092 319.417
256.412 325.526
251.659 329.524
246.277 330.417
235.221 330.758
223.982 328.956
235.421 319.853
246.536 319.02
249.752 318.517
249.528 319.389
246.268 319.735
235.299 320.569
