126.898 178.343
137.668 168.834
151.686 163.243
166.53 160.944
181.738 162.164
222.248 162.845
232.678 159.367
243.488 158.78
253.578 160.528
262.066 166.401
206.841 195.508
211.726 212.818
217.191 229.99
222.277 247.291
196.792 265.144
207.707 267.287
219.002 267.627
227.665 265.138
234.631 261.268
142.542 204.408
154.143 197.887
166.314 196.755
176.383 204.505
166.062 207.747
154.458 207.555
225.617 202.464
234.177 194.553
244.637 193.487
253.585 198.976
245.825 203.522
235.743 204.269
176.374 299.19
190.702 292.911
204.289 287.643
219.068 287.581
228.959 285.723
237.893 287.938
246.144 292.227
239.859 301.048
230.882 306.533
219.287 308.998
204.509 308.806
189.652 306.012
200.995 296.973
218.437 296.874
230.352 295.215
231.078 297.043
218.577 297.997
201.145 298.741
