153.383 204.834
164.126 197.317
176.927 194.318
189.926 194.356
202.383 196.341
239.55 195.281
246.375 192.914
253.092 191.392
260.013 191.007
265.919 193.303
226.023 221.95
230.645 233.614
235.51 244.653
240.261 256.63
219.676 275.586
227.788 277.169
235.272 277.448
240.447 276.253
244.335 274.34
168.625 225.381
179.263 217.938
191.001 216.906
198.685 225.745
189.535 229.042
179.073 228.495
238.915 223.788
245.646 215.219
255.071 212.497
262.042 218.887
256.985 224.429
248.302 224.988
204.101 305.096
213.608 299.128
224.116 293.801
235.333 293.806
241.398 292.512
247.218 295.704
251.449 301.519
247.853 307.952
242.833 311.55
236.552 313.085
225.145 312.87
214.22 310.13
224.319 302.828
235.515 301.749
240.81 301.738
240.897 301.45
236.006 301.474
224.528 302.555
