89.5112 169.685
95.7418 165.322
103.922 164.115
111.741 165.132
118.681 169.038
151.446 167.85
163.411 164.041
175.794 163.718
188.16 166.598
198.938 172.425
133.27 199.544
130.454 214.523
127.475 228.58
124.836 242.321
121.312 257.97
125.144 259.324
130.265 259.718
136.275 259.333
142.338 259.118
93.8767 198.295
99.7372 191.371
109 192.875
114.576 200.987
106.552 203.483
98.0993 203.385
159.27 203.717
166.046 194.657
176.789 194.608
185.994 200.434
177.918 205.442
167.578 206.353
113.321 287.102
116.994 280.035
122.818 275.24
129.704 276.754
140.876 277.153
150.219 284.499
158.762 292.042
149.678 297.266
139.905 300.192
129.964 300.437
122.667 299.162
116.546 294.886
123.359 286.644
130.086 287.292
140.96 288.001
140.646 288.172
129.943 288.177
122.98 286.798
