153.371 229.939
166.237 223.239
180.604 221.729
194.393 223.51
208.017 227.746
245.565 231.758
251.899 227.583
259.336 225.02
266.772 225.34
273.943 228.19
227.11 256.294
230.904 273.01
235.721 288.848
240.553 305.103
212.701 324.551
222.236 325.755
230.913 326.461
239.012 325.121
245.007 323.19
168.091 253.454
180.106 248.211
191.738 248.8
198.493 258.526
188.743 260.935
177.864 259.432
241.896 259.487
249.671 250.674
258.77 248.389
265.119 254.324
259.463 260.503
250.766 261.15
191.807 358.367
204.941 351.908
217.948 345.931
231.943 346.075
240.509 345.3
247.456 350.375
249.67 357.281
245.963 366.029
239.442 371.114
231.048 373.186
217.138 372.072
204.159 367.143
214.051 356.87
231.119 355.654
240.444 356.927
240.621 357.118
231.561 356.061
215.241 357.162
