84.9207 205.647
90.6001 203.484
97.2544 202.753
104.178 203.919
110.462 205.975
145.949 201.463
158.304 199.042
171.016 198.349
183.326 198.62
196.272 200.251
127.868 225.161
122.958 239.203
117.671 252.403
112.373 265.623
110.282 289.421
115.553 290.613
122.092 291.128
132.287 290.604
141.732 289.344
93.077 234.09
98.556 226.248
108.175 227.112
116.231 235.81
107.911 238.934
99.0904 238.882
159.814 232.95
166.925 223.073
178.253 222.666
189.196 229.366
179.321 234.324
168.744 235.376
108.045 322.876
109.212 313.317
116.043 307.78
123.063 308.356
137.716 308.835
151.663 314.966
164.775 322.132
153.274 333.483
138.764 339.734
123.492 341.197
114.748 339.343
109.074 333.37
117.055 322.985
123.224 323.234
140.828 323.22
139.858 325.138
123.118 324.809
115.918 324.478
