86.4576 212.743
91.6668 211.363
96.4563 213.665
101.136 216.944
104.643 222.216
128.82 221.935
140.529 216.399
153.408 216.46
166.647 219.138
177.977 226.396
114.945 251.862
107.583 266.42
100.075 279.941
92.2637 293.289
90.4278 306.966
94.3028 309.061
98.6662 311.054
105.667 311.865
113.275 312.413
87.3667 247.276
90.9035 243.211
98.3934 245.951
105.24 253.197
96.8102 253.492
90.5827 252.079
138.004 257.137
145.838 249.024
156.081 250.872
166.704 255.274
157.016 259.482
147.198 259.515
89.2691 335.509
87.7621 330.493
91.8544 326.639
97.3197 329.351
111.32 330.943
123.621 337.388
137.187 343.911
126.099 352.881
112.305 355.897
98.6167 354.676
91.8209 350.589
89.1757 343.484
94.8195 336.564
98.6974 338.11
114.093 340.589
113.103 344.892
98.9236 344.294
94.901 341.537
