81.9919 192.603
86.3089 190.299
91.0499 191.009
96.1952 192.214
100.053 194.774
129.071 191.164
141.844 189.457
154.681 190.335
167.358 194.416
177.405 202.687
111.804 221.203
106.927 234.56
101.778 246.805
96.5592 260.072
97.2103 275.187
100.897 277.01
105.178 277.92
112.683 277.921
120.969 277.165
85.2636 222.903
89.1341 217.503
97.0856 218.945
102.737 225.579
95.9732 227.059
89.2723 226.993
138.161 225.15
144.613 218.549
153.748 219.573
163.086 224.176
153.517 227.396
144.914 227.936
96.828 305.377
96.1814 298
99.9285 294.539
104.604 296.434
116.46 296.579
127.501 301.595
138.592 307.543
128.656 314.682
117.763 318.242
106.391 319.143
100.36 316.405
97.3954 311.443
102.226 304.344
106.257 305.606
120.017 306.021
119.898 307.551
106.267 307.345
101.833 305.057
