115.834 231.366
126.709 227.349
138.998 226.498
150.877 229.035
161.295 234.207
198.614 239.942
211.603 237.472
225.105 237.795
237.677 242.677
248.026 250.396
177.855 259.778
176.728 274.711
175.448 290.009
174.323 305.254
157.872 313.405
165.328 317.009
173.582 319.198
181.649 318.602
189.344 316.391
124.044 258.177
134.553 253.356
145.57 254.735
153.179 263.475
142.574 265.01
132.197 264.009
200.9 269.848
211.448 263.475
222.553 263.908
232.476 270.27
221.789 273.537
211.078 273.105
138.906 336.908
150.403 332.778
161.618 328.863
172.849 330.43
184.469 330.958
194.39 336.198
204.489 340.454
194.744 348.872
184.021 355.542
170.81 356.71
158.296 353.258
148.141 346.018
158.556 339.427
172.458 340.759
185.75 341.229
185.933 342.159
172.235 343.087
158.569 340.721
