109.199 253.132
119.734 245.6
133.439 243.855
146.571 246.237
159.336 250.015
201.391 249.611
213.57 245.752
226.13 243.924
238.752 246.089
248.778 253.35
180.341 275.787
180.166 289.424
180.065 302.983
179.799 316.446
164.312 328.469
171.409 330.316
179.219 331.677
187.379 330.733
194.29 328.844
124.135 276.686
134.731 271.328
146.621 272.463
154.912 280.477
143.81 283.177
132.556 282.625
204.733 282.13
213.23 273.972
224.945 272.527
235.012 278.018
226.149 284.067
215.02 284.422
147.638 353.55
158.062 349.581
168.338 347.295
178.587 349.177
188.738 347.804
198.326 350.689
207.81 354.89
198.798 362.453
188.939 367.895
177.312 369.084
166.123 367.346
156.456 361.54
165.894 353.602
178.439 355.277
190.389 354.428
190.286 356.294
178.054 357.905
165.511 355.925
