100.805 209.395
108.258 203.562
117.529 202.204
126.945 203.827
136.041 207.05
172.153 201.362
185.019 195.284
199.045 192.013
212.927 194.161
224.096 201.591
155.62 227.677
153.858 241.117
151.694 254.143
150.02 267.495
143.806 282.069
148.981 283.965
155.242 284.839
163.548 283.445
171.288 281.275
112.31 229.627
119.21 222.635
129.525 223.262
137.97 230.501
128.573 233.932
119.179 234.139
184.056 227.131
190.02 218.207
201.063 217.334
212.378 223.085
203.217 228.196
192.771 229.458
139.413 309.343
143.038 304.043
148.872 300.895
155.643 302.328
165.905 300.699
176.304 304.129
187.689 307.951
178.456 313.561
168.269 317.467
157.653 318.954
150.38 318.214
144.171 315.464
151.856 308.304
156.955 308.279
166.331 307.461
166.114 307.319
157.13 308.562
151.562 308.438
