80.7661 243.859
91.1201 237.818
104.107 237.11
116.67 240.002
128.745 245.712
169.4 239.758
184.818 231.808
201.265 226.405
219.011 227.044
234.581 234.967
149.087 268.097
148.118 286.118
146.33 304.252
144.752 322.977
133.968 338.332
141.303 341.962
150.359 342.837
161.778 340.828
172.41 336.53
95.9056 273.14
105.739 267.595
116.597 268.151
126.29 275.737
116.03 278.517
104.852 278.303
181.2 271.519
190.161 260.899
203.457 259.166
217.224 263.581
206.547 270.656
193.339 272.793
125.486 366.544
134.108 361.945
143.075 358.66
152.79 360.143
169.009 357.844
184.577 362.229
201.187 365.891
186.961 375.423
171.757 382.014
155.459 384.142
143.218 381.841
133.969 374.991
139.763 368.782
153.44 369.849
177.132 367.977
176.677 368.013
153.791 369.115
140.011 368.689
