154.823 211.754
166.355 205.054
178.879 201.063
192.677 200.375
205.748 202.992
245.11 201.395
252.983 197.48
261.466 196.107
269.746 196.804
277.044 202.014
228.218 227.003
231.985 241.732
236.404 256.384
240.298 271.172
216.877 288.258
227.14 289.274
237.443 289.272
244.381 287.947
250.761 285.378
170.643 231.521
181.742 225.277
192.972 224.792
200.512 233.467
191.258 235.877
181.127 235.001
245.917 230.968
252.73 222.679
262.341 220.76
270.132 226.965
263.705 231.433
255.058 232.201
201.487 318.409
213.809 311.292
225.802 305.161
239.146 305.471
247.129 303.344
254.401 307.724
259.706 314.318
255.293 323.793
247.771 330.598
237.945 332.644
224.247 331.518
212.071 325.971
222.958 317.287
238.777 316.491
247.416 315.442
247.415 316.618
238.586 317.624
222.435 318.038
