84.776 215.774
93.5361 207.991
105.293 205.088
117.469 204.614
128.849 207.671
174.113 202.295
189.42 198.012
205.266 197.81
221.042 201.442
234.681 209.838
150.641 241.264
149.434 257.327
148.24 272.7
147.749 287.91
138.792 309.713
144.65 310.407
150.942 310.739
159.742 310.125
168.614 309.015
99.2591 249.536
107.061 242.695
117.674 242.855
127.91 250.747
117.537 254.451
107.544 254.487
182.094 247.385
190.573 237.595
203.028 237.858
214.77 243.093
204.529 248.917
192.758 250.853
127.112 347.37
132.695 338.624
141.057 331.966
151.193 332.939
165.132 332.946
177.236 339.66
188.921 347.448
178.809 355.902
166.518 360.41
153.48 361.164
142.536 360.716
133.15 356.147
141.708 343.793
151.84 343.565
166.077 343.714
166.987 346.172
152.242 346.463
141.122 346.381
