78.295 209.986
82.1117 203.849
88.1549 200.219
95.7713 200.34
103.294 202.871
130.284 202.687
144.362 198.784
158.924 199.502
171.86 205.98
182.686 215.512
114.369 230.349
109.706 244.082
104.932 256.811
100.257 269.228
103.215 286.621
105.52 288.455
109.459 289.506
116.046 289.84
122.427 290.175
87.6444 230.35
92.033 221.656
101.46 223.436
108.483 233.483
99.6843 234.758
92.0705 234.642
140.861 233.247
146.461 223.4
156.915 224.693
166.53 232.281
157.119 236.056
148.332 236.889
96.9196 320.574
97.3421 315.099
101.072 308.681
106.94 310.089
119.532 310.024
130.639 317.286
142.38 322.868
132.794 329.302
122.564 333.301
109.896 333.488
103.995 331.31
99.6765 326.569
104.254 317.938
108.126 317.518
120.625 318.021
122.24 321.721
110.173 321.002
104.87 320.403
