145.349 197.556
158.819 189.708
173.894 185.884
189.233 185.752
203.373 190.077
233.556 191.249
241.204 187.997
249.16 186.33
257.206 186.223
264.285 189.288
223.495 220.322
228.081 236.621
233.162 252.675
237.238 268.368
213.067 283.6
222.003 285.413
230.63 286.392
236.596 285.228
241.23 282.473
162.879 222.208
174.197 214.43
186.984 214.139
194.483 224.175
185.162 227.55
173.077 226.949
237.864 223.495
245.557 214.245
255.657 212.093
262.119 220.121
256.884 225.875
247.631 226.063
191.013 313.757
203.003 308.716
215.471 303.918
229.143 304.593
235.403 303.054
241.453 305.802
245.24 310.857
242.399 320.634
236.181 327.461
228.154 330.507
214.379 329.693
201.34 324.279
214.117 313.799
227.924 312.838
234.661 312.56
234.585 313.973
227.973 315.87
214.053 315.617
