124.454 239.892
136.337 234.473
150.277 231.354
164.449 231.658
178.245 235.331
217.536 232.676
230.486 226.619
243.607 223.823
257.003 224.313
268.934 230.934
199.863 262.021
203.335 280.892
206.26 299.395
209.405 317.425
188.071 334.043
197.813 335.271
208.036 335.633
216.993 333.282
225.874 329.866
138.235 264.852
149.622 258.494
163.103 257.688
172.152 267.231
161.551 270.525
149.509 269.908
224.906 262.865
232.89 253.877
244.553 251.787
255.011 256.899
247.364 263.427
236.211 265.373
173.795 365.508
185.059 361.021
196.011 356.471
208.774 357.396
217.905 354.278
226.799 356.369
234.889 359.397
228.648 370.418
219.803 377.508
208.703 381.226
195.665 380.741
183.771 375.413
195.695 366.184
208.444 365.387
218.361 363.207
218.705 364.402
208.745 365.896
195.683 366.649
