155.912 251.491
167.162 243.424
181.069 241.92
194.494 244.681
206.921 250.406
242.377 254.067
249.866 250.553
257.708 249.727
265.293 251.071
270.203 257.58
222.624 290.455
223.793 305.342
225.627 319.902
226.713 334.538
202.061 347.976
209.798 349.456
217.992 350.118
224.374 349.9
229.115 348.109
169.421 281.379
180.148 278.225
191.295 278.663
198.83 287.041
188.944 289.623
178.206 287.692
236.34 290.871
244.372 283.99
253.509 283.099
259.732 289.379
253.433 294.47
244.524 294.343
183.548 374.716
195.101 369.298
206.214 364.119
218.667 365.665
226.177 364.647
231.94 369.05
234.929 375.889
230.163 381.925
223.73 385.991
215.914 387.173
204.005 385.528
193.5 380.998
203.344 372.988
217.47 374.042
225.441 373.755
225.286 374.163
218.128 374.098
204.089 373.465
