151.345 249.049
163.042 237.962
178.323 232.797
194.534 232.466
209.818 235.941
248.016 232.6
254.163 226.643
261.525 222.849
269.436 222.334
276.651 225.205
235.456 264.321
240.679 277.385
246.296 290.269
251.11 303.153
229.505 321.045
239.408 321.804
249.068 321.548
254.679 319.558
260.117 317.052
175.314 270.887
185.062 265.134
196.359 263.396
205.344 269.681
196.545 274.068
185.355 275.037
249.839 264.216
256.796 256.071
265.795 252.835
273.937 256.365
268.496 263.352
259.225 265.277
218.25 349.06
229.39 342.682
240.174 336.341
252.193 334.404
258.12 332.326
264.152 334.936
268.092 340.427
265.662 347.531
261.059 352.235
254.436 354.047
242.092 355.856
229.859 353.543
241.334 344.157
252.911 342.13
258.09 341.136
257.465 341.906
252.814 343.297
241.438 344.622
