181.466 226.029
191.843 218.143
204.442 214.493
217.786 214.279
230.182 218.229
252.664 218.677
256.65 214.354
261.253 210.907
266.755 209.766
271.996 211.234
243.623 238.942
250.204 253.547
257.19 267.07
264.194 280.717
236.985 299.169
245.471 300.394
253.826 300.759
258.903 299.037
263.703 296.406
197.921 246.143
208.103 241.651
217.394 240.314
222.949 248.175
215.887 249.258
206.439 248.802
252.58 246.206
258.178 239.489
264.35 237.385
267.607 240.472
264.863 243.821
259.119 245.666
220.225 331.832
231.158 324.284
243.079 318.796
255.521 318.054
260.417 317.161
263.678 320.885
263.84 326.964
260.956 331.94
258.094 336.041
252.795 338.521
241.87 339.011
231.23 336.91
239.678 328.03
253.932 327.555
257.967 327.182
257.205 327.652
253.031 328.182
240.015 329.482
