102.912 247.855
114.705 240.651
128.897 239.621
142.612 241.508
156.302 245.734
193.975 241.7
207.453 234.664
221.728 230.754
237.273 231.491
249.449 239.644
176.051 268.45
177.023 285.197
178.057 302.06
179.157 318.721
161.758 329.076
170.133 331.351
179.161 332.045
188.677 330.101
197.38 326.744
119.43 273.961
129.496 267.561
141.695 268.255
150.866 276.756
140.068 278.361
128.802 278.503
204.091 272.097
212.624 262.333
224.754 260.407
236.444 266.186
226.899 271.653
215.539 272.766
152.342 357.444
161.59 352.888
171.321 348.754
181.24 350.218
193.187 347.39
204.411 349.992
216.275 352.515
206.951 362.123
196.027 368.093
183.332 370.319
171.454 370.185
161.124 365.48
168.654 357.521
181.691 358.038
196.784 355.457
197.181 355.142
182.196 357.005
168.977 357.29
