184.037 219.464
195.47 209.103
210.719 204.553
226.669 204.171
242.235 205.57
268.825 211.908
273.959 207.652
280.581 205.714
286.303 206.887
289.728 210.609
259.038 243.627
266.249 256.828
274.982 268.549
283.717 281.256
254.48 306.752
263.141 307.063
271.168 306.601
275.42 305.393
279.687 303.631
197.1 244.077
210.172 237.936
223.537 236.297
230.921 245.898
221.58 248.557
209.434 248.217
262.984 247.272
270.916 237.593
280.679 234.471
284.784 242.802
280.911 247.77
272.109 248.834
239.436 344.014
250.499 335.726
261.95 329.098
274.757 327.966
280.791 326.159
285.1 329.508
283.55 335.879
285.413 344.907
282.08 350.256
275.231 352.734
262.358 353.446
249.915 350.377
260.32 338.816
272.651 337.708
278.431 336.663
279.294 337.752
274.01 338.757
261.844 340.363
