99.6787 167.445
112.784 160.455
128.339 159.544
143.352 162.331
157.893 168.168
203.353 165.301
218.038 159.979
233.63 158.204
248.909 160.399
260.985 168.923
180.125 190.068
179.266 207.563
178.343 225.146
177.391 242.532
160.812 255.037
168.378 257.311
176.838 258.262
186.263 257.676
194.68 255.913
116.283 193.566
126.91 186.316
140.632 187.533
150.668 196.813
139.144 198.729
126.752 197.949
207.349 196.555
216.557 187.003
229.585 185.458
240.801 192.531
230.677 197.858
218.726 198.249
142.839 286.934
154.28 282.967
165.791 280.039
177.35 281.366
190.656 280.141
202.73 284.279
215.053 289.431
205.285 300.91
192.822 308.414
177.409 310.442
162.727 307.939
150.954 299.242
160.852 289.311
176.885 290.409
195.11 290.399
195.237 293.641
177.377 294.745
161.234 292.563
