81.4822 188.981
89.1565 186.838
96.9586 188.073
103.867 190.688
109.79 195.663
149.559 194.76
164.433 190.185
180.034 189.024
195.114 191.967
207.902 199.237
131.229 235.21
127.383 249.725
123.225 263.138
119.119 276.739
113.307 293.17
118.724 295.749
125.007 297.141
134.613 296.29
144.069 294.205
88.5869 227.198
96.2068 222.08
106.162 224.692
114.155 233.374
104.192 235.096
94.0049 234.208
157.525 234.91
165.947 225.311
177.843 225.43
190.002 231.461
179.89 237.026
167.999 238.288
109.986 324.461
112.861 318.583
118.842 315.285
125.742 316.575
139.831 316.686
152.589 321.925
164.875 326.185
153.53 333.618
140.698 338.758
126.806 339.193
119.664 336.483
114.778 330.603
121.317 324.652
126.926 325.054
140.88 325.272
140.401 326.238
126.55 325.901
120.993 324.938
