94.9584 241.543
104.269 237.123
114.884 238.076
124.781 241.574
133.528 246.944
173.397 245.372
186.466 239.148
200.28 235.82
215.019 237.56
227.773 242.574
154.186 272.525
152.656 288.665
150.834 304.793
149.199 321.341
135.522 333.526
142.827 338.289
152.92 340.195
163.324 338.276
172.487 334.68
104.482 269.3
113.58 262.788
124.633 265.025
132.283 275.414
121.55 275.849
111.449 274.427
183.432 275.006
190.524 263.232
203.448 261.912
215.461 268.764
206.088 273.785
194.588 275.749
127.696 362.812
135.668 356.718
144.1 352.741
153.84 353.569
167.233 352.351
179.614 356.338
191.863 362.806
181.583 371.854
168.966 377.433
155.38 379.392
144.086 377.448
135.166 371.286
143.814 362.574
154.63 362.279
168.77 361.837
168.644 362.834
154.252 363.724
143.55 364.026
