88.9497 199.02
92.6379 196.452
97.4227 196.78
102.394 199.474
106.155 202.186
129.772 197.912
141.605 192.932
154.895 191.561
167.962 193.222
179.639 199.646
118.092 229.7
113.105 241.113
107.752 252.153
102.407 263.199
106.09 282.958
109.059 283.393
113.157 283.502
119.156 282.802
126.219 282.904
93.4009 232.754
95.7452 225.198
103.614 227.571
110.567 235.444
103.301 237.769
96.2584 237.765
143.585 232.882
147.254 222.568
157.996 222.2
169.775 227.667
160.482 233.126
150.61 234.835
103.176 311.079
103.778 305.571
107.585 300.984
114.362 301.819
126.695 300.815
138.971 303.859
150.807 308.5
141.994 317.883
129.989 323.698
117.108 325.579
110.003 323.719
105.145 318.213
110.886 311.506
116.922 310.898
130.305 309.666
130.203 311.536
116.773 313.226
110.415 312.716
