71.0162 235.765
75.9208 233.252
81.7741 234.268
87.6593 235.514
94.2254 238.337
125.219 239.946
140.566 235.851
156.185 234.73
171.856 236.685
184.791 243.576
111.683 265.799
107.098 278.585
101.992 291.276
96.9355 304.127
98.1878 320.988
101.452 323.516
106.466 324.98
113.791 324.361
120.444 323.482
81.8347 266.951
84.0541 258.319
93.8828 259.971
102.068 269.261
93.2909 271.704
85.0823 271.739
139.321 269.993
144.998 259.486
156.88 260.637
168.44 267.875
157.867 272.281
147.264 273.449
98.7822 351.825
97.3061 345.258
102.273 340.729
108.662 341.938
122.659 342.251
136.212 347.022
149.262 351.82
137.312 358.854
124.167 363.395
110.259 364.315
103.845 362.4
99.9772 357.906
104.964 350.328
110.178 350.519
126.197 350.988
125.981 351.834
109.919 350.691
104.86 351.129
