179.421 263.064
189.34 255.448
200.106 250.781
212.115 250.095
224.121 251.779
252.665 253.241
258.043 250.52
263.905 249.251
270.399 249.442
274.979 255.162
239.455 277.38
245.821 288.689
252.606 299.852
259.609 310.365
238.781 332.029
244.492 332.509
250.398 332.079
253.951 331.235
256.742 330.143
191.183 282.013
201.803 277.167
211.959 275.335
218.052 282.732
211.413 285.472
201.319 285.75
248.985 281.97
257.18 274.586
265.831 273.332
268.978 279.649
265.168 284.448
257.018 284.537
224.475 363.833
231.553 353.923
240.987 346.953
252.732 345.423
259.292 345.838
263.127 352.146
262.928 360.763
261.134 366.07
257.279 369.475
251.001 371.14
241.669 370.92
232.315 368.652
240.175 355.768
251.1 354.828
256.597 355.538
255.749 359.191
250.025 360.655
239.865 360.334
