188.188 213.002
199.174 206.512
211.323 203.861
224.087 204.386
236.25 207.789
263.212 209.366
265.254 208.328
267.417 206.285
269.945 205.695
273.395 205.908
247.988 238.06
252.384 251.192
257.037 263.389
261.87 275.253
237.137 293.999
244.547 295.981
251.272 296.416
255.707 295.532
260.186 293.939
195.767 237.815
207.138 231.963
216.62 231.527
222.706 239.991
215.515 241.808
206.079 240.923
252.949 241.426
259.873 234.456
267.523 232.784
270.28 238.424
267.702 243.244
260.806 243.316
211.809 322.461
224.735 317.712
237.627 313.448
250.422 313.865
254.551 312.658
259.04 315.817
258.601 322.01
257.034 328.54
253.151 333.009
247.633 334.238
235.914 333.739
223.611 329.758
234.572 321.909
247.632 321.528
251.297 320.605
251.364 322.14
248.344 322.562
235.613 323.418
