107.155 201.638
115.538 193.087
127.177 190.624
138.551 192.998
149.283 198.002
191.566 193.862
203.712 186.675
217.685 182.99
232.197 184.848
244.208 192.282
174.851 227.756
175.089 243.737
175.341 260.002
175.571 276.472
166.621 288.406
171.919 289.647
178.303 290.125
185.787 288.523
192.992 285.926
122.813 229.573
133.225 221.874
145.211 223.137
155.328 232.123
143.632 235.169
131.787 235.321
200.674 226.887
208.275 217.072
220.154 215.837
232.462 221.091
223.229 227.563
211.619 228.726
155.751 317.307
162.336 310.563
170.576 306.382
179.341 307.246
190.882 305.028
202.609 307.382
214.079 309.224
205.689 319.794
194.592 326.556
182.215 329.106
171.544 328.621
162.612 324.576
170.754 315.83
180.713 316.131
193.922 313.526
193.838 314.037
180.871 316.234
170.683 316.529
