175.856 253.937
186.312 242.817
199.368 235.888
214.435 234.747
229.395 237.504
252.409 242.104
254.694 236.87
258.533 232.998
263.187 232.096
267.256 235.584
247.223 270.794
254.506 283.344
262.046 295.571
268.986 308.07
243.508 331.688
250.018 333.247
255.905 333.372
259.025 331.677
262.007 329.253
195.451 275.773
207.248 268.218
217.165 265.435
223.284 273.587
216.552 277.181
206.779 278.032
249.362 271.894
255.784 263.849
263.088 261.751
265.703 267.923
264.479 272.379
257.623 273.605
221.998 365.961
235.34 359.887
245.974 352.651
258.683 350.884
262.962 348.942
265.502 353.073
263.736 358.066
262.172 363.046
260.678 366.803
256.558 369.597
245.612 370.317
234.02 369.188
244.791 360.918
256.624 358.185
260.25 357.695
259.172 359.351
256.18 359.951
245.24 361.824
