88.7703 240.445
94.0525 238.472
99.957 239.626
105.536 241.893
111.128 245.604
138.123 243.359
150.973 239.627
164.183 238.449
177.308 241.046
188.512 248.285
122.192 272.634
118.032 286.056
113.292 298.889
108.451 312.146
107.079 326.912
109.627 330.604
113.815 332.929
121.497 332.957
129.532 331.835
91.0231 266.194
95.6481 259.691
105.352 262.609
112.161 273.031
102.484 273.604
93.9662 272.914
147.948 273.039
153.965 263.398
165.304 264.961
176.049 272.073
165.828 275.944
155.439 276.614
103.133 356.641
104.758 351.778
108.588 350.373
112.706 352.229
125.46 353.102
137.107 358.433
148 364.379
137.007 369.51
125.038 372.312
113.358 372.329
108.535 368.914
105.223 363.144
111.471 358.942
113.049 359.912
124.882 361.549
124.832 362.04
113.145 360.557
111.159 358.829
