103.135 184.231
115.633 178.359
130.755 178.745
144.715 181.174
157.764 186.549
205.823 190.419
219.673 185.442
234.294 183.661
249.141 184.959
260.417 193.255
179.865 220.813
179.185 238.362
178.452 255.561
177.971 273.059
155.596 285.199
165.964 287.783
176.864 289.743
187.54 288.772
197.452 286.754
116.62 218.026
129.258 212.391
143.117 214.659
152.675 224.539
140.195 226.714
126.974 225.394
206.762 227.884
217.266 218.232
231.289 216.785
243.721 224.422
232.238 229.653
218.979 230.379
137.195 312.927
150.294 309.807
163.581 307.097
176.833 309.281
189.517 308.008
201.59 311.223
214.159 314.707
203.684 325.166
190.349 330.934
175.472 331.766
160.741 330.165
147.68 323.57
158.54 315.036
176.573 317.379
193.666 316.34
193.492 316.144
176.402 316.806
158.708 315.419
