126.342 261.799
139.289 256.662
152.188 254.721
164.806 255.914
176.85 260.376
220.443 261.753
230.73 256.793
241.62 255.268
252.68 255.888
262.792 260.358
199.774 288.364
200.892 302.223
202.434 316.309
203.714 330.559
186.816 343.397
194.566 345.179
202.887 345.782
210.178 344.834
216.514 342.285
144.862 289.295
155.097 284.721
165.9 284.967
173.16 292.899
164.067 294.493
154.03 293.451
223.623 292.247
230.401 284.377
240.129 282.244
248.692 286.873
242.064 292.292
232.772 292.942
171.857 372.722
181.365 366.549
192.128 361.476
203.657 361.837
212.871 360.36
221.15 363.838
228.571 369.381
222.058 376.47
213.319 380.706
203.179 382.402
191.47 382.511
180.569 379.405
189.597 370.358
203.255 369.992
213.693 369.184
213.87 370.017
203.025 370.961
189.53 371.187
