90.0971 252.915
98.6743 246.466
109.704 243.856
120.961 244.761
131.649 248.209
176.843 249.301
192.052 246.854
207.326 248.006
222.358 254.304
234.505 264.498
148.694 269.666
144.34 283.396
139.681 296.74
135.201 310.333
122.164 329.345
128.802 331.058
135.711 332.506
145.838 333.178
155.821 332.759
96.2851 278.42
105.566 271.977
116.753 272.912
125.649 280.377
115.294 281.81
105.249 281.176
181.046 282.478
191.248 275.628
202.956 276.938
213.981 283.705
202.124 285.467
191.216 285.174
106.706 362.158
113.878 352.887
124.168 348.69
135.327 349.759
149.761 350.825
162.097 357.469
172.887 367.074
160.144 372.334
146.981 374.468
133.448 374.742
122.985 373.177
113.862 369.207
122.093 358.687
135.041 358.556
151.156 361.085
150.601 362.745
133.965 361.703
121.03 361.086
