103.244 241.98
113.886 234.463
126.702 232.207
139.395 231.937
152.316 232.97
198.77 230.882
211.83 228.401
224.979 227.345
238.805 227.769
250.059 234.409
177.267 257.408
178.014 272.021
178.454 286.775
179.141 301.973
164.225 320.18
171.746 320.275
179.666 319.724
187.77 319.491
195.834 318.852
122.772 262.573
131.918 256.825
142.666 257.207
150.879 263.991
141.405 266.397
131.531 265.947
204.815 260.927
212.129 253.101
222.751 251.766
232.35 256.85
223.728 261.143
214.085 262.265
151.566 351.929
159.931 344.826
169.248 339.476
179.744 340.803
190.376 338.453
200.13 343.157
209.367 349.939
201.284 358.777
191.805 364.981
180.768 366.911
169.291 365.531
159.243 360.256
169.715 351.983
180.258 352.31
190.649 351.399
191.117 352.622
181.01 353.22
169.879 353.293
