110.606 253.436
120.543 247.363
132.772 245.337
144.663 247.269
155.772 251.303
199.309 251.175
211.467 246.668
224.31 245.26
237.029 248.369
247.157 255.633
178.149 270.462
178.201 284.344
177.963 298.277
177.705 312.154
161.901 329.093
170.006 330.271
178.245 330.822
186.531 330.231
194.443 329.096
121.265 277.008
130.99 271.303
142.093 271.895
151.209 279.086
140.629 281.947
129.859 281.662
204.087 279.075
212.757 271.917
223.992 271.677
234.325 277.348
224.476 281.684
213.782 281.77
145.76 358.387
156.867 353.944
166.947 349.685
177.296 351.592
188.411 349.581
198.701 353.706
210.282 357.613
201.361 368.42
189.965 375.63
176.46 376.898
163.774 375.641
153.326 368.493
164.565 360.679
177.364 361.587
190.446 360.584
190.558 362.087
177.219 362.545
164.117 361.984
