132.123 194.971
143.189 185.593
157.479 181.83
171.451 183.515
184.537 188.628
233.713 185.931
245.2 179.565
258.434 177.206
271.353 180.66
279.661 190.557
209.23 215.806
210.718 229.596
212.637 243.114
214.706 256.772
194.586 275.642
204.214 275.807
214.637 275.548
222.959 274.323
230.268 272.602
141.697 220.479
153.884 212.453
167.348 211.961
177.691 221.664
166.185 225.652
153.595 225.456
236.584 220.432
245.783 210.792
257.798 209.091
268.872 216.062
259.624 222.247
248.351 223.295
179.394 305.672
190.689 297.697
202.069 290.64
215.187 290.064
226.534 289.062
235.743 294.009
243.754 301.872
236.649 311.989
227.599 320.179
214.247 323.55
200.335 321.916
188.787 315.384
198.389 302.364
215.373 300.978
228.76 300.802
228.995 304.573
214.654 307.065
197.486 306.488
