87.9444 220.205
93.4278 219.99
98.8015 221.572
103.682 223.983
108.147 228.31
134.267 227.515
146.712 224.498
159.482 224.558
172.288 227.715
182.609 233.718
118.268 253.152
114.143 268.506
109.666 283.782
105.534 299.083
106.458 311.116
108.716 313.735
112.316 315.262
119.168 314.785
126.013 314.158
91.464 249.363
95.2964 244.41
102.616 246.702
107.933 254.259
101.006 255.07
94.2561 254.089
143.97 257.824
149.672 250.293
159.239 251.917
167.708 257.207
159.066 259.953
150.149 261.14
104.267 335.716
105.387 332.103
109.755 330.297
114.943 332.002
126.226 332.373
136.904 336.419
146.35 341.205
137.923 348.042
127.817 351.48
117.015 352.224
111.004 348.494
106.753 342.706
112.084 338.936
117.079 339.544
128.504 340.832
127.92 341.051
116.856 340.642
111.659 339.021
