183.898 231.916
194.756 224.186
207.561 222.081
221.166 224.087
233.755 227.547
254.567 233.446
260.209 231.321
265.645 229.31
270.604 229.582
274.04 232.92
246.447 265.733
252.671 280.972
258.933 295.031
264.906 308.894
242.481 326.067
248.386 326.6
254.009 326.707
257.473 325.618
260.378 324.053
195.991 263.189
207.564 256.665
218.824 255.594
224.062 266.135
216.798 268.793
206.326 266.811
250.456 267.977
258.827 258.826
267.755 257.48
270.736 264.369
267.566 268.946
259.765 269.312
218.858 355.261
231.392 350.539
243.501 346.796
256.368 347.511
261.959 346.121
265.604 349.497
264.825 352.489
263.394 361.367
259.052 367.894
252.382 370.935
239.824 369.463
227.891 364.224
239.632 355.753
253.99 356.517
259.342 355.608
259.34 357.236
253.325 358.314
238.766 357.591
