86.763 136.499
93.9403 133.173
102.791 133.426
111.104 135.927
117.625 140.939
155.71 145.072
170.103 142.857
185.114 144.569
199.575 149.778
211.338 158.359
132.161 172.9
126.886 185.5
121.276 197.842
115.83 209.886
105.416 227.665
110.251 231.541
116.552 233.934
126.601 234.076
136.329 232.374
88.3851 171.331
97.2244 165.476
107.533 168.844
115.068 177.996
104.921 179.75
94.6741 178.245
157.122 183.704
166.942 175.922
179.353 177.212
190.392 184.914
178.823 188.874
167.09 188.555
95.2411 258.477
99.8097 250.194
107.131 246.63
114.823 248.401
128.674 250.089
141.381 257.15
154.863 265.641
141.69 274.821
127.765 280.039
113.215 279.786
103.373 276.336
96.9103 268.947
107.043 259.598
114.376 260.515
130.795 262.353
130.768 264.692
114.189 263.86
106.46 262.103
