87.8047 203.717
93.4739 196.5
101.456 194.099
109.205 195.968
114.297 201.266
143.842 199.254
155.176 197.258
166.943 198.396
178.846 201.577
188.604 208.494
126.204 226.6
120.805 240.128
115.206 253.473
108.981 266.965
105.8 278.749
110.206 282.357
115.518 283.717
123.705 283.994
132.548 281.543
97.1126 229.939
102.385 225.209
110.255 226.935
115.803 234.115
109.111 235.142
102.122 234.149
147.502 235.793
154.106 228.323
163.506 229.207
171.728 234.018
163.636 237.182
154.842 238.15
101.677 305.255
103.359 299.801
109.038 297.08
115.397 299.474
127.008 300.394
137.48 305.186
146.952 310.236
137.356 316.83
125.993 319.126
114.34 317.915
107.927 315.311
103.463 310.832
110.75 305.579
115.991 306.991
127.186 307.775
126.46 308.817
115.071 308.074
110.128 306.208
