77.9829 186.981
81.8216 183.862
86.7843 184.487
92.2243 187.377
97.0273 190.216
121.961 185.04
134.885 183.322
147.603 184.047
159.205 188.917
168.989 196.286
106.83 214.455
101.025 230.588
95.0141 246.355
88.4878 262.375
89.2855 276.571
94.3216 279.124
99.2241 280.516
106.244 280.071
114.499 279.081
81.0409 217.393
85.3972 211.408
93.0549 213.307
99.3778 221.212
91.4127 222.986
84.7814 222.653
131.612 221.395
138.785 212.954
149.413 214.475
159.789 221.043
149.409 223.809
139.566 224.227
93.5852 306.621
92.2383 301.952
94.7797 296.991
100.14 297.895
113.254 298.248
125.558 304.409
138.099 309.549
128.886 319.112
116.119 322.724
103.346 322.965
97.5458 319.846
94.4879 314.136
98.0925 306.82
103.204 307.477
117.419 308.04
117.536 310.274
103.875 309.846
98.6493 308.315
