121.06 224.022
130.395 213.891
142.503 208.601
155.813 207.495
169.034 210.231
220.693 209.172
232.029 203.982
244.731 202.151
256.802 205.336
265.8 214.349
202.491 243.411
204.26 257.722
206.175 271.901
207.635 286.128
189.931 302.631
197.286 304.062
206.182 304.238
214.265 303.284
221.963 300.932
144.584 249.773
153.545 243.87
165.258 243.233
175.075 249.853
164.979 252.644
154.334 252.211
224.376 246.825
232.248 239.893
242.678 238.533
253.658 242.491
244.863 247.476
234.45 248.193
174.373 336.079
183.778 327.44
194.458 320.624
206.77 320.071
217.516 319.427
227.263 324.543
234.414 332.864
226.741 340.672
217.991 345.004
206.554 346.782
194.599 346.609
183.832 343.198
193.64 333.573
207.032 331.962
218.445 332.084
217.604 333.274
206.428 333.83
193.198 334.692
