84.2248 208.647
88.98 206.599
94.7773 207.573
100.735 211.626
104.834 217.45
125.532 212.217
140.507 207.821
155.721 207.193
170.386 212.813
181.595 223.7
115.983 243.183
112.045 256.626
107.192 269.51
102.251 282.614
103.93 300.242
107.024 300.384
110.196 300.895
115.571 301.839
122.094 302.067
91.3903 240.61
95.0341 235.868
102.23 238.043
107.011 246.462
101.294 247.72
94.7388 246.552
138.223 248.464
145.456 239.836
155.863 240.716
165.574 247.2
155.961 252.012
145.833 252.48
102.675 325.51
101.346 320.813
104.362 317.565
108.65 319.186
120.193 320.238
130.65 326.025
140.513 332.702
132.2 339.909
121.701 343.277
110.958 342.884
105.575 339.439
102.734 333.214
108.335 327.86
111.36 329.439
120.373 331.099
120.414 331.701
111.236 329.823
108.673 328.48
