85.3745 192.661
97.5488 185.356
111.383 182.32
125.818 182.255
139.588 186.355
178.772 188.452
195.804 184.815
213.251 186.895
230.182 194.196
243.938 206.335
153.425 212.609
148.641 233.192
143.526 253.996
138.987 274.344
122.992 288.993
130.975 293.45
139.868 295.28
152.381 295.816
164.453 293.921
94.7957 220.546
105.77 212.115
119.566 213.364
128.526 223.458
116.671 225.719
105.212 225.428
184.084 227.228
195.523 217.479
210.679 218.423
222.258 228.2
209.354 231.554
196.264 231.16
110.608 328.802
116.7 317.377
128.979 312.772
142.633 314.607
159.408 316.251
173.303 324.266
184.237 336.899
173.336 349.779
157.342 356.501
140.184 357.546
125.902 354.066
114.903 344.116
127.864 325.262
142.452 325.677
161.859 328.805
160.898 342.257
140.698 342.094
126.319 339.101
