93.6017 259.45
100.428 253.017
109.796 249.649
120.112 249.556
129.7 252.567
165.957 247.094
179.143 241.245
193.569 238.257
209.081 239.554
222.441 246.144
150.033 277.903
148.07 290.927
145.872 303.841
143.819 317.245
137.546 335.818
143.439 336.844
150.245 336.969
159.207 335.093
168.394 332.298
104.983 284.597
112.856 276.487
123.709 276.715
132.497 284.634
122.974 287.755
113.173 288.612
178.82 278.167
186.034 267.941
198.476 266.071
211.215 271.024
201.291 277.236
190.019 279.288
129.85 364.873
135.981 358.857
143.769 355.007
152.069 355.339
166.002 353.356
180.636 355.574
195.766 357.84
183.975 368.088
170.876 376
156.051 379.099
144.71 378.511
135.839 373.239
144.018 365.223
153.413 365.048
170.604 362.331
171.037 363.162
153.902 365.506
143.631 365.784
