104.515 219.44
115.767 210.554
129.926 207.889
143.952 210.16
157.148 215.289
196.509 214
209.22 206.704
223.239 203.271
238.301 204.027
251.047 211.665
178.038 240.954
178.596 258.398
178.74 275.775
179.142 293.203
165.145 306.715
172.251 307.895
180.045 307.917
188.606 306.563
196.922 303.965
119.566 247.374
130.974 240.378
143.577 240.873
152.134 250.825
141.163 253.02
129.551 251.993
205.715 248.451
213.803 239.023
226.014 236.913
238.196 242.01
228.027 248.123
216.851 249.831
150.306 339.698
159.532 331.548
169.761 325.395
181.93 325.74
195.32 324.574
207.698 328.739
220.022 333.761
212.014 347.215
200.272 356.092
185.832 359.396
171.367 358.05
158.982 350.805
168.026 334.649
182.686 333.875
199.898 332.972
201.107 340.111
184.161 342.873
168.463 341.856
