184.318 193.833
196.995 184.335
212.347 179.852
228.099 179.446
243.791 180.827
264.746 187.579
267.035 184.206
271.024 181.908
275.492 182.13
278.924 184.555
255.209 219.493
260.893 233.16
268.048 246.074
275.071 259.512
248.988 282.672
257.061 282.917
262.817 282.934
266.049 283.071
269.402 282.169
200.325 216.742
212.122 212.268
222.499 211.444
227.93 220.54
220.464 223.334
210.649 222.237
257.402 221.48
263.378 214.73
271.28 213.109
275.028 219.773
270.64 223.613
263.783 224.436
228.264 317.268
240.031 310.409
251.382 303.547
264.894 302.064
270.992 300.944
273.935 306.261
270.733 313.598
270.906 319.225
267.532 323.469
262.886 325.414
251.067 325.702
239.081 323.022
249.954 312.971
261.2 311.935
265.904 311.615
265.509 312.123
261.82 313.081
250.77 313.357
