153.539 209.853
164.39 201.632
177.498 196.403
191.548 196.378
205.083 200.177
241.722 203.858
248.439 200.719
255.216 199.098
262.063 199.832
267.021 203.799
227.938 229.641
231.763 240.995
236.283 252.288
240.508 263.591
218.749 287.393
227.836 289.437
237.006 290.14
243.088 288.759
247.861 285.903
167.934 234.878
178.941 227.866
190.469 226.929
197.945 236.024
188.949 238.739
178.224 238.298
238.515 235.886
246.45 227.407
255.615 225.517
262.388 233.036
256.388 237.741
247.711 237.467
203.035 322.815
212.85 314.158
224.46 307.321
238.221 307.518
246.406 305.689
253.503 310.604
257.263 319.638
253.548 327.611
247.223 332.28
238.663 334.22
225.352 334.034
213.401 329.824
225.659 319.422
238.386 319.088
244.59 318.517
244.897 318.015
238.569 318.032
225.718 318.921
