178.192 193.263
189.162 189.759
200.73 189.705
212.243 190.953
224.122 192.089
266.132 188.011
268.165 185.762
270.299 183
271.836 179.03
274.251 175.912
250.793 203.519
259.513 216.41
268.358 229.531
276.712 243.059
252.724 260.2
260.703 261.869
266.975 262.194
271.589 260.832
275.414 258.411
196.627 202.212
206.953 198.048
217.655 196.589
224.724 204.336
215.735 207.043
205.261 206.375
254.735 202.426
261.743 194.799
270.195 193.487
274.355 198.284
270.268 202.992
262.378 204.407
232.446 291.096
243.127 286.001
254.254 281.301
266.354 280.231
272.398 278.628
277.49 280.07
277.887 285.37
276.93 291.628
274.202 296.812
268.587 299.568
255.388 300.599
243.203 297.847
253.586 287.974
264.599 286.17
270.85 284.966
271.475 287.837
266.704 289.223
255.304 291.081
