106.919 221.408
119.521 214.972
134.197 215.251
147.916 218.926
160.714 224.932
196.848 225.915
209.853 220.386
223.712 217.244
237.976 217.871
249.891 225.073
177.883 248.567
177.696 264.568
177.322 280.79
176.951 297.141
160.189 308.987
167.83 311.673
176.16 312.794
184.273 312.152
191.908 310.374
121.115 247.498
132.89 241.754
145.144 243.309
153.868 251.876
143.106 253.819
131.461 252.571
201.019 254.162
210.628 245.333
222.898 244.41
233.994 250.693
224.045 255.161
212.271 256.035
143.799 338.972
153.124 332.819
163.934 328.931
175.262 330.961
186.269 330.003
196.428 335.07
205.282 341.607
196.388 348.778
186.215 352.733
174.41 353.142
162.494 351.363
152.62 346.596
160.591 338.481
174.5 339.408
187.787 340.245
187.661 341.437
174.765 340.573
161.301 339.811
