126.034 229.303
139.272 220.649
154.988 217.279
170.404 218.967
185.394 223.422
219.249 219.519
230.174 211.731
242.599 207.313
256.093 207.445
266.914 215.148
204.819 244.081
207.044 260.602
209.514 276.773
211.87 292.937
191.403 305.288
200.781 307.438
210.455 307.542
218.804 305.34
226.084 301.435
145.801 253.092
156.304 246.508
168.303 245.689
177.068 253.477
167.272 255.956
156.157 256.324
226.965 248.057
234.71 239.038
245.653 236.22
255.731 241.224
248.289 246.775
237.765 248.274
178.512 332.741
189.08 328.247
199.566 323.463
210.357 323.921
219.635 320.97
228.881 322.572
238.017 325.231
231.419 334.867
223.18 341.139
212.385 344.09
199.753 344.679
188.205 340.673
197.072 331.462
210.415 330.319
222.12 328.517
222.305 329.569
210.778 331.317
197.203 332.376
