177.19 233.442
189.153 225.267
203.32 221.424
217.703 223.021
232.028 227.439
257.506 230.826
262.83 228.309
268.239 226.71
273.04 225.898
277.306 227.409
241.707 261.108
246.754 274.535
251.895 288.277
256.939 302.825
232.148 319.865
239.319 320.821
245.207 321.711
250.739 320.891
255.159 318.663
189.334 256.566
201.522 250.554
212.749 250.053
217.39 260.694
210.1 262.845
199.566 261.204
250.489 260.679
257.581 252.13
266.151 249.581
269.466 256.191
266.304 262.219
259.071 262.501
210.75 347.346
220.9 341.547
231.743 337.703
243.197 337.963
247.809 337.361
250.914 340.505
250.033 346.041
249.855 352.934
246.987 359.027
240.283 362.193
228.885 361.453
218.813 355.781
230.68 345.874
240.61 346.024
244.738 345.525
244.359 347.992
239.824 349.248
229.794 349.041
