81.0776 182.233
88.0691 177.401
96.4683 176.693
104.763 178.324
111.929 181.323
144.063 180.126
159.501 176.093
174.986 174.5
190.747 177.6
204.342 184.747
127.272 212.337
122.604 227.106
118.117 241.17
114.15 255.632
111.353 274.008
115.677 276.762
121.736 278.222
129.955 277.61
138.88 277.101
89.8239 213.295
95.3642 205.562
105.744 206.948
113.332 216.311
104.212 218.633
95.2237 218.931
156.343 214.85
165.466 206.726
176.956 207.905
188.085 214.29
177.428 218.99
166.18 219.436
104.251 309.563
105.739 301.94
112.586 297.177
120.476 298.676
133.335 297.888
145.083 304.432
155.815 311.922
146.863 320.254
135.603 325.606
123.57 326.579
114.18 325.035
107.527 318.709
116.861 308.933
121.887 309.736
132.459 309.787
132.6 309.931
122.436 310.233
116.778 309.098
