78.1751 196.77
83.6125 191.117
91.0159 188.32
98.895 187.308
107.002 188.28
152.265 183.337
167.795 180.768
183.157 182.187
197.43 187.373
209.618 196.058
127.936 226.78
123.379 241.592
118.884 255.907
115.024 270.764
113.128 287.22
117.456 290.942
123.448 291.912
131.792 290.405
139.735 287.344
87.5039 227.031
93.2207 219.383
102.413 220.11
110.591 227.389
102.177 230.717
93.281 231.439
158.458 226.106
166.43 217.364
178.215 218.243
188.993 224.922
179.135 229.058
167.851 229.68
106.854 316.743
111.109 310.814
117.861 308.194
123.78 310.272
137.606 309.326
150.286 313.423
163.226 317.589
151.481 327.512
138.244 334.657
123.819 335.46
115.605 332.704
109.75 325.795
117.655 318.153
124.243 318.625
137.918 318.537
137.508 321.179
123.447 322.295
116.342 320.422
