75.5579 229.338
86.2691 220.786
99.8137 219.425
113.254 222.955
124.983 229.646
174.532 231.904
191.994 225.105
211.18 221.725
230.57 225.518
246.116 235.975
146.567 262.601
144.299 282.423
141.826 302.21
139.302 321.666
124.869 332.432
133.439 338.548
143.05 341.066
155.434 340.056
167.415 335.519
92.1692 260.154
102.68 253.217
116.173 255.558
125.635 265.507
113.178 267.888
100.954 266.723
180.714 269.279
191.585 258.993
206.935 258.721
220.821 266.477
207.594 272.251
193.542 272.867
115.367 367.15
124.016 360.168
133.675 355.982
143.7 359.199
158.405 358.521
172.006 365.188
185.348 372.671
173.025 380.285
159.052 386.057
144.208 386.338
132.861 384.09
123.114 376.708
131.68 367.047
144.147 368.236
161.352 369.445
161.912 370.512
144.326 369.939
131.567 368.493
