177.329 255.972
187.798 249.449
199.597 246.769
211.347 247.817
222.353 249.769
263.025 251.424
264.482 249.462
265.929 246.107
267.233 243.856
268.438 244.957
241.505 278.937
246.391 292.178
251.997 304.996
257.515 318.054
233.134 335.833
241.058 337.34
247.739 337.782
250.714 336.166
253.206 333.335
189.249 278.397
199.937 274.406
209.794 273.232
216.266 279.441
208.783 281.883
199.143 282.005
245.262 279.914
251.614 273.755
258.977 271.827
262.819 276.773
259.644 281.365
252.499 282.137
217.481 367.82
227.533 359.79
237.756 353.504
250.264 352.182
254.068 351.742
255.963 356.146
253.127 361.029
252.487 367.022
251.731 373.178
248.134 377.104
237.192 377.605
226.622 374.344
233.539 364.63
248.461 363.131
252.157 361.927
251.564 362.839
247.793 364.702
233.784 366.368
