88.6443 220.715
97.1129 213.863
108.174 212.221
118.363 213.87
127.638 218.923
177.882 216.84
191.499 212.264
206.168 211.487
220.63 215.405
233.099 223.42
154.335 249.382
152.592 267.125
150.847 284.944
149.161 302.587
136.607 315.6
144.179 318.662
152.49 319.626
162.464 318.195
171.647 315.429
100.454 249.797
109.387 243.316
121.113 244.196
130.141 252.77
119.285 255.149
108.753 254.779
182.862 252.896
192.466 243.865
205.318 243.905
217.178 250.226
205.729 254.827
194.243 255.484
126.803 345.79
135.109 340.542
143.86 336.644
153.036 337.682
166.174 336.844
178.794 341.296
190.882 346.245
179.832 354.713
168.135 361.263
155.078 363.138
144.1 361.305
134.586 354.085
142.377 346.109
154.181 347.029
170.05 346.228
170.036 348.307
154.75 349.527
142.379 348.696
