86.0165 214.176
91.2186 210.643
97.9325 210.092
104.749 211.734
111.075 214.199
149.748 214.079
164.409 211.474
178.75 211.586
193.083 214.755
205.263 221.463
129.948 238.799
126.656 251.99
122.726 265.001
118.413 277.887
111.301 297.273
116.204 299.805
122.602 300.985
130.645 300.559
138.897 299.123
92.7003 242.575
98.8328 235.456
108.012 236.841
115.12 245.105
106.43 246.952
97.9155 246.553
159.121 245.969
166.375 237.022
178.39 237.335
189.562 243.677
179.42 248.136
168.581 248.644
104.078 331.129
107.85 324.677
114.412 320.936
122.148 321.38
135.326 320.936
148.054 326.039
161.223 330.673
150.115 339.143
137.114 344.345
123.384 345.809
114.336 343.872
107.426 338.535
115.227 332.086
123.04 331.917
138 331.371
138.109 331.987
122.791 332.569
114.666 332.016
