89.1659 187.005
95.1259 184.489
102.331 185.561
109.009 189.551
114.008 194.378
153.754 198.752
170.709 195.756
187.576 197.653
203.034 204.303
215.576 215.265
127.93 228.595
122.685 243.097
117.111 258.249
111.748 273.279
105.363 291.865
109.252 295.876
114.627 298.686
124.276 298.51
133.529 297.069
89.7205 223.636
96.7855 217.303
107.254 220.994
114.961 231.218
105.055 232.89
94.5961 230.978
159.969 235.187
168.429 226.443
181.082 229.242
192.45 236.354
180.953 240.835
168.725 240.234
93.4976 326.624
96.6989 317.677
104.358 312.775
112.068 315.176
126.616 316.489
139.031 324.946
150.516 334.965
137.72 342.078
123.822 344.08
109.595 342.421
102.255 339.206
96.2232 333.897
104.86 325.519
111.688 326.886
126.369 328.929
125.818 328.395
111.016 326.025
104.839 324.874
