163.769 230.22
173.303 225.571
184.244 223.114
195.313 223.497
206.273 225.711
247.579 228.023
251.963 224.086
256.406 221.597
261.887 219.669
267.155 220.817
228.996 257.111
233.393 270.998
238.473 284.471
243.105 298.395
219.991 314.283
228.643 315.935
237.56 316.422
243.25 314.362
246.849 311.714
172.655 259.67
184.061 254.029
195.725 253.235
203.311 261.169
194.009 265.157
183.238 264.558
241.39 260.228
249.075 251.841
258.506 249.5
264.938 254.082
260.074 260.543
251.487 261.442
199.113 344.264
211.121 336.808
223.827 330.598
236.811 330.037
242.984 328.167
248.337 331.556
249.428 336.82
245.875 345.275
241.29 352.009
233.923 355.329
221.622 355.247
209.692 351.058
218.462 340.87
234.519 339.632
242.146 338.506
241.832 339.766
234.184 341.761
218.508 342.212
