122.987 229.54
134.952 220.667
149.672 215.921
164.673 215.044
179.233 217.769
225.618 218.554
237.165 216.761
249.199 217.151
260.893 220.088
270.308 227.106
202.8 249.064
204.719 267.194
206.931 285.158
208.6 303.486
188.402 318.46
196.415 320.396
205.093 321.275
212.049 320.283
218.598 318.007
142.333 252.892
152.962 246.265
165.607 245.678
173.317 253.729
163.324 257.745
152.061 257.188
227.381 254.876
235.096 247.392
246.957 246.153
255.994 253.012
247.497 258.443
236.988 257.833
171.233 352.887
181.02 344.778
192.268 338.695
205.496 338.457
214.998 337.184
223.918 341.321
230.247 349.359
223.829 358.209
215.193 363.784
205.38 365.584
192.968 364.667
181.378 360.302
190.779 350.199
205.314 349.8
215.302 349.267
215.728 350.834
205.44 351.324
191.384 351.367
