157.396 211.877
168.911 203.685
182.899 198.58
197.616 198.546
211.633 202.044
250.973 203.837
257.54 201.686
264.483 200.159
270.897 200.809
275.774 203.623
232.613 233.409
234.836 246.557
237.586 259.426
240.486 272.067
219.596 287.361
227.718 289.755
236.175 290.631
243.217 289.493
248.772 286.628
175.62 233.901
185.48 229.024
195.714 228.448
204.134 234.656
195.41 238.27
184.851 237.785
245.93 234.064
253.558 227.391
261.836 226.556
268.591 231.31
263.013 235.927
254.264 236.453
198.243 314.829
209.738 310.356
221.825 307.454
234.204 308.716
240.475 307.148
246.679 307.908
250.947 311.616
247.121 320.054
241.544 325.733
233.203 328.041
220.561 326.759
208.593 322.429
221.472 315.902
233.501 316.01
239.728 314.56
240.136 314.628
233.711 316.138
222.167 316.053
