96.5017 243.91
105.696 238.181
116.783 236.711
127.855 238.484
138.009 242.193
184.91 240.832
197.938 236.351
211.506 234.186
224.865 236.845
235.844 243.367
161.801 273.628
160.76 290.413
159.686 306.867
158.784 323.539
145.558 334.041
152.033 336.025
159.62 336.945
168.045 336.272
175.273 335.071
110.07 267.448
119.24 261.12
130.744 263.179
137.79 273.46
127.327 273.88
117.296 272.691
187.975 272.803
195.341 261.768
208 260.44
219.182 267.133
210.407 272.377
199.333 273.823
130.298 355.687
139.194 351.032
148.957 348.65
159.328 350.649
172.233 349.335
184.164 353.444
195.901 358.501
185.549 367.031
173.235 371.782
160.115 371.915
148.67 370.053
138.39 364.088
148.294 357.342
159.416 358.257
172.646 358.066
172.873 359.049
160.025 359.159
148.941 357.738
