86.6603 208.939
91.9452 204.586
99.9942 205.587
108.08 209.805
114.728 216.151
146.004 213.026
162.596 208.66
179.068 208.412
194.753 213.57
207.137 223.645
132.068 251.853
128.91 269.108
125.233 285.835
121.884 303.222
118.02 317.225
123.735 320.497
130.263 322.462
138.7 321.458
147.949 319.254
95.0703 243.177
100.567 236.639
110.748 240.066
118.256 250.329
108.135 253.436
98.2573 251.784
157.303 253.136
164.381 241.364
177.874 241.67
191.023 249.109
179.816 255.539
167.176 256.802
113.364 345.288
116.892 343.018
123.748 341.209
131.133 344.389
145.659 343.719
159.736 347.493
173.543 350.132
161.285 357.907
147.728 363.214
132.611 363.883
123.233 359.567
117.178 352.888
124.552 349.304
132.747 351.42
147.644 352.22
147.634 350.95
133.211 349.673
124.948 348.467
