83.7556 215.012
90.6704 209.708
99.1115 209.658
107.118 212.293
114.056 216.947
150.482 218.996
163.602 215.001
177.625 215.751
190.897 219.948
202.73 226.953
130.56 248.883
126.55 263.135
121.693 276.78
116.862 291.043
109.765 305.512
114.544 308.872
120.553 310.948
130.503 310.939
140.197 309.44
89.8188 243.161
97.1713 237.134
107.731 239.818
114.02 248.562
104.674 250.033
95.3761 249.333
158.327 251.726
165.701 242.17
177.824 243.401
189.323 249.399
178.56 253.865
167.669 254.317
103.375 337.935
106.311 332.236
112.436 329.616
118.485 331.198
132.316 332.132
144.596 337.753
157.184 343.692
144.92 351.418
131.857 355.314
119.164 356.127
111.653 352.679
106.416 346.077
113.42 338.376
118.761 339.192
133.522 340.956
133.551 343.87
119.097 343.622
113.201 341.519
