71.8386 180.847
75.7433 177.679
79.4608 176.36
83.1038 177.83
85.9099 180.214
114.579 176.088
129.4 173.726
144.549 174.334
157.439 182.345
166.474 194.12
91.992 212.437
84.5177 226.282
75.9768 239.147
67.7942 252.011
72.5925 277.134
75.6719 277.747
79.2132 278.441
85.7706 278.859
94.7006 278.481
71.267 215.604
75.5524 206.994
82.1008 209.211
85.3177 218.873
79.8998 221.789
74.359 220.92
121.48 220.415
127.942 208.13
138.969 208.873
148.082 216.353
139.025 221.284
129.107 222.345
68.4278 310.247
67.2004 304.295
69.9899 300.247
75.0549 301.428
89.4156 302.329
103.42 307.481
114.693 314.893
103.988 319.788
91.8912 320.733
79.6878 320.75
73.7909 319.202
68.8013 315.488
73.65 310.597
77.4624 310.989
92.967 312.798
92.918 312.886
79.0678 310.614
74.9573 310.111
