157.841 275.937
168.238 268.437
181.3 264.451
195.227 263.336
209.263 264.976
246.408 264.168
254.145 261.916
262.212 261.128
270.088 261.667
275.69 265.741
229.765 292.968
234.204 308.209
238.914 323.151
243.376 338.327
219.741 350.933
229.314 353.549
239.662 354.697
246.424 352.77
251.773 348.865
169.588 297.31
180.944 290.596
192.871 289.183
201.536 297.897
192.229 301.383
181.107 301.076
247.029 295.551
254.875 286.989
265.682 285.189
272.753 291.426
267.117 297.016
257.013 297.265
199.644 381.19
212.668 374.74
225.241 369.46
238.113 370.385
245.123 368.408
252.074 371.978
255.718 378.457
251.659 387.087
245.377 393.191
236.38 395.266
222.855 394.367
210.488 389.335
221.969 378.797
237.118 378.629
244.308 377.366
243.91 379.263
236.945 380.763
221.86 380.386
