121.808 210.583
136.077 204.084
150.716 201.827
165.355 204.363
179.926 208.717
221.123 210.091
232.12 206.515
243.653 204.114
255.101 204.379
265.28 209.2
202.43 233.759
203.747 246.542
205.233 258.629
206.525 271.09
187.326 288.315
195.225 289.341
203.923 290.223
211.469 290.072
217.748 289.471
144.068 235.38
155.758 227.955
167.626 228.306
175.579 237.425
165.318 240.216
154.655 239.749
223.247 238.796
231.624 229.928
242.695 228.375
251.638 235.786
243.374 241.071
233.666 241.208
170.913 320.135
180.741 310.349
191.285 302.012
203.974 302.099
214.589 301.786
222.821 310.455
228.578 320.848
220.907 326.324
211.73 329.994
201.835 331.344
190.979 329.988
180.612 326.243
192.063 315.166
203.282 314.809
212.287 316.295
212.505 317.731
202.814 316.004
191.736 316.752
