104.594 193.292
114.333 185.712
127.852 182.681
141.266 184.038
153.751 189.139
197.159 185.798
209.569 179.593
223.105 176.126
236.546 177.394
247.308 183.848
178.926 214.532
179.997 228.055
181.094 241.607
181.9 255.59
169.529 270.551
175.769 271.29
183.206 271.179
191.394 269.809
198.644 268.039
120.432 218.42
130.518 211.946
142.212 212.392
151.312 220.708
140.671 223.432
129.796 223.651
206.634 217.204
214.154 208.334
225.589 206.416
236.567 211.559
227.649 217.389
216.889 218.398
154.751 300.433
163.409 292.469
172.441 285.569
183.528 286.321
195.678 284.204
206.658 289.657
217.589 295.517
209.502 304.23
198.446 310.713
186.526 312.537
174.462 312.392
163.204 308.044
172.1 296.633
184.793 295.347
198.665 294.495
198.965 296.206
185.402 297.125
172.431 298.062
