79.4573 203.521
81.3659 205.807
83.3606 208.349
84.4443 212.768
85.2905 216.586
119.103 215.528
129.122 211.916
139.097 210.175
149.248 211.324
158.609 214.854
98.8016 228.122
93.5579 242.962
88.0816 257.738
82.6269 272.657
85.6923 287.47
89.575 289.271
94.5593 290.208
101.09 289.715
108.719 287.205
79.6385 227.541
83.0844 222.392
90.1851 223.022
96.1674 230.306
89.2726 233.322
82.6535 232.93
125.825 228.368
130.83 219.257
140.224 219.761
150.969 224.063
141.905 228.937
132.778 229.971
92.6405 319.304
90.9985 313.893
93.2033 310.093
97.2085 310.387
109.896 310.116
121.814 314.308
133.276 319.937
123.04 326.68
111.861 331.329
100.303 332.604
95.366 331.364
92.5888 326.437
95.496 317.504
99.032 317.443
113.939 317.85
113.395 320.591
98.982 320.315
95.6325 319.473
