112.251 266.874
122.274 261.934
133.052 261.159
142.976 263.178
152.819 267.88
205.176 268.27
215.171 263.291
224.997 261.814
235.416 263.113
243.623 267.951
177.606 292.988
176.155 306.473
175.127 320.205
174.319 334.517
157.861 351.295
164.79 353.451
172.906 355.087
182.147 354.308
190.343 352.213
120.824 288.607
132.11 283.814
143.908 285.326
151.539 295.124
140.462 296.633
129.105 294.726
204.344 298.078
212.311 288.513
224.342 287.931
235.504 294.327
226.44 299.543
214.765 300.482
143.043 380.375
151.971 372.953
161.81 368.46
172.735 369.548
183.616 369.277
192.873 375.495
200.253 383.704
192.8 391.633
183.089 397.409
171.163 399.012
159.561 395.78
150.423 388.697
160.704 379.1
172.55 380.146
183.628 380.454
183.067 382.651
172.069 382.6
160.361 381.095
