142.338 271.024
154.284 259.991
169.11 254.094
185.183 253.141
201.364 253.704
229.177 255.254
237.098 249.426
246.377 246.265
255.736 246.114
263.627 251.866
220.11 277.17
226.386 292.061
233.173 306.305
239.731 321.062
213.844 340.87
222.759 341.945
232.106 342.069
238.193 339.766
242.863 335.418
163.326 286.792
174.077 280.572
185.203 279.393
194.125 286.284
184.494 290.61
173.549 290.991
232.322 283.623
238.916 274.365
247.838 271.693
254.815 277.187
249.254 282.841
240.901 284.343
199.641 374.339
208.826 365.687
219.953 359.499
232.844 358.153
240.19 356.041
246.852 359.923
249.671 365.924
245.673 372.769
240.808 378.104
234.477 381.132
222.772 382.862
211.219 380.199
218.251 369.78
233.211 367.196
240.96 365.856
241.063 367.415
233.293 369.211
218.85 371.01
