95.38 152.831
101.781 151.48
108.104 151.642
113.935 153.641
119.344 156.616
153.931 155.676
165.455 152.843
177.434 152.573
189.18 156.041
198.606 163.92
132.843 181.599
127.916 195.51
122.265 208.783
116.707 222.167
108.65 236.975
113.86 239.77
119.966 241.903
128.41 241.794
136.954 241.077
97.6131 181.639
104.627 177.608
111.986 178.938
118.723 185.811
110.882 186.408
103.394 185.53
158.712 187.699
166.171 182.571
175.321 183.133
184.086 187.132
175.397 191.226
166.331 190.831
100.659 265.704
104.406 260.18
111.764 257.246
120.27 257.91
133.74 259.492
145.741 265.112
157.543 272.111
146.646 282.421
132.91 287.699
118.107 288.158
108.119 284.892
102.248 276.365
112.199 266.732
120.4 266.964
136.108 269.117
134.416 273.795
119.224 273.007
110.966 271.497
