149.623 192.44
163.042 187.63
176.77 186.123
190.876 186.233
204.739 188.895
237.418 189.083
244.691 185.84
252.074 183.65
259.599 183.397
266.684 185.611
225.156 211.076
228.981 221.909
233.379 232.2
237.469 242.924
216.406 262.891
225.087 263.577
233.27 263.339
238.11 262.588
242.927 261.349
169.018 218.539
179.133 212.491
190.028 212.046
198.085 219.279
189.051 222.702
178.803 222.057
240.652 217.811
247.071 210.295
255.991 208.656
262.734 214.266
257.17 219.554
248.724 219.65
201.087 294.311
211.05 285.487
221.78 279.545
234.2 278.155
242.446 277.622
249.779 281.224
254.419 288.913
250.477 296.972
244.233 301.897
235.482 304.781
222.765 305.013
211.385 301.522
221.792 289.649
234.04 289.491
241.74 288.915
242.274 289.632
234.198 290.292
222.085 290.798
