92.2384 146.502
100.126 142.784
109.066 142.706
117.565 144.953
125.18 148.238
159.216 144.542
172.386 142.118
186.374 140.848
200.125 143.716
210.193 152.444
137.887 172.288
133.959 185.637
129.363 199.057
124.867 213.038
118.439 231.075
123.19 233.063
128.645 233.791
136.597 233.829
144.348 232.514
97.5671 175.832
105.547 169.655
115.386 171.097
122.891 177.667
114.221 180.237
104.799 180.446
164.974 177.53
173.231 169.49
184.294 170.082
194.583 175.924
184.521 180.019
174.1 180.444
109.247 260.714
113.726 255.831
120.124 252.214
127.552 253.082
139.761 253.375
150.672 257.786
162.46 262.247
150.732 266.424
138.753 268.811
126.52 269.264
119.648 268.399
114.211 265.138
122.192 258.919
127.125 259.214
139.004 260.017
139.103 260.891
127.627 260.881
122.375 260.336
