80.922 200.714
85.0745 200.489
89.3594 202.167
93.4157 205.456
96.7942 210.542
126.345 208.253
142.11 205.023
157.37 207.062
170.665 215.127
178.528 227.825
104.544 242.464
97.9124 255.248
90.6695 266.664
83.8491 278.51
82.8389 295.696
86.8779 299.274
92.1494 301.514
99.2803 301.98
107.644 301.837
78.7866 238.318
84.2611 232.679
91.6758 235.989
97.4933 243.995
89.9411 244.82
82.4073 243.358
131.906 248.919
140.186 241.258
150.327 243.339
160.35 249.579
149.554 253.264
139.401 252.538
82.1666 322.973
81.9698 319.334
85.4063 317.332
89.7097 318.541
104.691 321.469
118.116 327.519
131.407 333.766
117.994 336.93
104.577 338.039
90.9514 336.879
85.3094 333.154
83.0534 328.535
87.7409 325.716
90.6016 326.997
105.787 329.9
104.856 330.217
90.3485 327.304
87.394 325.928
