85.5947 213.616
95.8895 205.913
108.506 204.495
120.927 204.992
132.719 208.452
171.113 207.574
187.326 203.282
204.022 202.415
220.786 205.01
235.276 212.691
152.29 236.842
150.913 253.463
149.032 269.555
147.226 285.618
135.426 305.809
142.221 307.754
149.579 308.535
159.35 307.959
169.269 306.418
99.932 242.033
109.032 235.165
120.726 235.383
129.42 243.742
119.077 247.258
108.623 247.227
182.967 242.354
192.392 234.041
205.311 234.406
217.634 241.216
205.896 246.588
193.778 246.958
123.91 339.67
130.322 331.935
139.168 327.277
149.028 328.812
162.283 327.548
174.091 334.314
185.296 341.938
176.355 352.486
164.371 357.92
151.534 358.592
139.756 356.868
130.122 350.327
141.391 339.059
150.163 339.818
162.083 339.9
162.316 341.423
150.999 341.646
141.759 340.496
