81.6182 214.167
85.994 211.232
91.1599 211.705
96.0061 214.286
99.3866 219.193
124.621 218.066
138.653 216.338
152.678 217.948
165.224 224.496
174.396 234.74
109.866 250.889
103.496 263.407
97.2782 275.3
91.7863 287.027
94.5364 305.892
98.3742 307.084
101.937 308.617
108.274 309
115.717 308.713
83.8627 247.723
86.6935 240.842
95.0404 243.697
102.124 252.633
93.5925 252.728
85.8843 251.383
132.198 255.318
138.113 246.693
148.554 249.267
159.094 255.087
148.946 257.516
139.085 257.927
89.6884 332.135
90.4892 327.347
93.5484 323.74
99.3349 325.844
111.143 327.855
122.074 333.704
134.038 339.509
122.717 345.625
111.426 348.278
99.9086 348.035
94.2609 344.142
91.5186 338.685
95.3657 333.653
100.401 335.121
112.3 336.859
111.808 337.747
100.67 336.254
96.1501 335.069
