94.1102 263.94
100.214 258.649
108.619 257.95
116.603 259.943
123.855 263.46
167.27 262.621
180.41 259.636
193.733 258.165
207.239 260.882
218.476 267.785
144.289 289.07
141.572 300.932
138.529 312.034
135.852 323.21
127.534 339.031
132.52 341.079
138.838 342.633
148.195 342.369
157.632 341.414
104.681 282.613
112.731 276.72
122.403 278.32
129.116 287.384
120.01 288.883
111.017 287.862
171.555 288.941
178.744 279.266
189.748 279.351
200.486 285.909
191.354 290.343
181.23 291.271
118.124 359.822
122.335 356.018
129.65 354.275
137.831 355.58
150.178 355.951
161.615 359.73
175.39 363.635
164.877 372.75
152.871 379.128
138.083 380.467
127.86 376.894
121.492 368.976
130.516 363.169
137.883 364.808
151.574 364.862
152.118 367.259
138.394 366.622
130.544 365.212
