148.56 242.501
157.634 230.865
170.844 224.403
185.422 223.324
200.32 225.1
242.68 226.282
252.308 223.49
262.118 223.925
270.966 227.976
276.283 236.118
225.528 262.817
228.627 277.847
231.953 293.536
234.63 308.895
217.12 323.89
224.562 324.43
232.062 324.138
236.832 323.725
241.162 322.582
167.298 265.743
178.105 259.062
189.61 257.942
197.694 266.963
188.129 270.2
177.081 269.167
243.469 264.817
250.873 256.272
260.114 254.439
267.567 261.147
261.861 266.363
252.644 266.659
201.245 351.684
210.398 345.44
219.236 340.047
229.702 340.801
236.418 339.096
242.121 342.846
246.526 348.618
243.39 356.063
237.575 361.19
229.245 363.687
218.029 363.275
208.233 359.28
218.849 350.588
228.707 350.193
235.328 349.706
235.163 350.919
228.564 352.161
218.514 351.271
