187.074 206.737
197.443 199.968
209.874 196.648
222.775 198.2
234.39 202.618
260.482 209.682
264.391 206.431
269.274 203.571
274.001 202.496
278.195 204.032
248.808 232.728
253.859 246.572
259.358 259.467
265.027 272.534
241.298 289.968
248.727 291.085
255.446 291.302
259.142 289.954
262.338 287.512
198.702 234.618
208.783 229.834
218.952 229.129
224.812 236.403
218.066 239.496
208.441 238.849
254.031 237.286
262.01 230.352
270.039 229.106
272.196 236.022
268.704 239.648
261.941 239.528
224.651 321.578
234.411 314.897
245.68 308.576
257.472 307.628
262.467 307.536
264.716 312.59
262.386 318.518
261.602 324.735
259.428 330.041
255.029 333.086
243.915 332.754
232.964 328.974
242.68 316.845
254.33 315.337
258.639 315.882
258.29 318.82
254.579 320.741
243.38 320.351
