80.976 213.839
87.4962 211.084
94.9743 211.971
101.675 213.864
109.009 215.638
146.884 212.908
161.242 210.015
175.789 210.019
190.059 213.418
202.751 220.467
127.582 238.65
124.632 254.089
120.844 268.953
117.339 283.777
108.576 298.038
114.656 300.802
121.864 302.362
132.865 302.276
144.133 300.617
87.6688 242.225
94.3693 236.382
104.118 237.611
111.921 245.443
102.249 247.203
93.6257 247.279
157.982 246.38
166.352 238.402
178.03 239.378
189.966 245.711
178.101 249.246
167.41 249.639
104.985 327.636
108.865 319.241
116.19 315.242
123.733 316.215
138.195 317.025
151.645 322.966
163.629 330.747
153.081 338.829
140.186 344.5
126.153 345.904
116.643 343.419
109.29 336.601
117.173 328.079
124.559 328.211
141.318 328.901
141.519 329.409
125.257 329.464
117.368 328.144
