189.514 217.438
199.578 213.591
210.372 211.895
221.208 212.13
232.002 214.106
255.388 221.079
258.884 219.574
263.282 219.475
266.916 221.687
269.5 225.741
247.04 248.174
253.776 262.203
261.293 274.837
268.578 287.85
244.838 302.597
252.042 303.859
258.693 304.544
262.766 304.74
265.683 304.245
195.642 242.605
205.14 237.124
215.27 237.093
220.865 247.213
213.587 248.518
204.607 247.094
249.735 254.09
256.915 245.969
264.89 245.389
268.328 253.786
264.468 256.065
257.262 255.944
232.723 335.214
240.942 328.229
250.914 323.275
261.568 323.514
267.975 322.819
272.291 328.906
270.368 338.036
270.148 343.133
266.059 345.853
260.403 346.6
250.268 344.566
240.838 341.076
248.939 330.909
259.769 331.338
264.523 332.017
265.222 335.578
261.098 335.446
250.397 334.508
