148.386 233.182
160.504 226.179
173.945 222.472
187.469 222.389
200.315 224.97
237.779 224.476
244.404 221.612
251.51 219.153
259.132 218.905
265.045 223.234
224.487 252.689
229.172 264.568
234.06 276.116
238.581 287.681
217.137 309.07
226.55 310.424
235.603 310.66
241.521 309.082
245.876 306.825
171.116 256.835
180.437 251.56
190.14 250.111
197.332 256.973
189.29 260.53
180.144 260.55
237.794 256.243
245.027 249.61
252.563 248.111
259.107 253.163
253.434 257.844
245.957 258.544
200.933 342.789
213.414 335.274
225.019 328.22
238.293 326.964
245.758 326.494
252.037 330.389
255.497 337.417
250.681 342.321
245.496 346.414
239.338 348.318
227.171 348.685
214.158 346.854
224.281 338.18
238.106 336.435
244.201 336.408
244.365 337.094
238.287 336.717
224.849 338.625
