129.939 244.943
140.933 237.399
154.214 233.636
167.751 232.924
181.025 235.378
218.054 230.334
229.303 227.31
240.719 226.324
251.784 229.25
259.904 236.73
202.151 255.597
204.524 270.188
207.22 284.447
210.202 298.697
194.34 314.318
201.525 315.482
209.637 315.316
216.768 314.43
223.166 312.206
147.668 265.02
157.136 259.202
168.653 258.188
177.444 264.444
168.159 268.136
157.389 268.317
223.424 261.253
229.809 254.757
240.034 253.274
249.454 258.478
241.201 263.505
231.828 263.687
177.921 346.81
187.884 338.537
198.424 331.703
210.898 330.568
220.601 329.945
229.722 334.362
237.42 341.792
231.489 350.749
222.885 355.981
212.291 357.801
200.198 357.524
188.793 353.481
196.611 343.355
211.309 342.2
223.24 341.269
223.281 342.752
211.399 344.257
196.891 344.513
