177.092 249.086
187.215 241.33
198.893 238.441
210.996 237.965
223.679 239.568
250.003 244.543
256.773 242.874
263.254 242.52
268.798 244.216
272.176 248.958
238.066 272.402
242.575 284.644
247.133 296.189
251.502 308.09
228.515 325.271
235.493 326.285
241.873 327.009
246.574 326.674
250.89 325.265
191.367 271.15
202.011 266.165
211.574 266.403
215.8 275.268
209.421 277.609
199.785 276.169
247.182 277.434
253.34 270.369
261.36 269.283
263.911 276.878
259.918 280.765
253.244 280.245
209.194 355.482
219.974 350.842
230.909 347.99
241.997 347.777
247.429 346.856
250.63 350.327
250.412 354.454
248.228 359.739
244.695 363.698
239.212 365.75
228.171 364.849
217.72 361.335
228.373 354.818
239.636 354.423
245.234 354.194
244.177 355.271
239.077 355.555
227.898 355.96
