179.075 237.473
192.705 231.458
207.232 229.647
221.56 231.725
235.411 235.565
258.148 237.538
263.904 233.92
270.204 230.703
276.127 229.794
280.222 232.297
246.311 264.412
250.614 280.645
254.6 296.545
258.38 312.725
233.181 323.938
241.391 326.4
249.546 327.494
255 326.017
259.425 323.213
192.729 264.99
204.161 259.899
215.042 258.673
221.857 266.78
213.499 270.505
203.174 268.822
253.946 265.376
261.639 257.502
270.121 255.342
274.411 259.901
270.839 266.209
262.712 267.244
208.208 351.15
221.114 346.885
233.701 342.304
246.779 342.644
252.664 340.834
256.72 344.179
257.087 347.827
254.538 354.857
251.179 360.108
244.454 363.252
231.624 362.169
219.785 358.216
233.442 351.772
245.257 352.018
249.173 351.4
249.244 351.74
244.927 352.412
233.699 352.432
