131.797 211.017
144.181 203.979
158.549 202.324
172.38 205.558
185.514 210.979
224.447 211.46
233.623 206.93
243.504 203.741
253.79 203.379
262.182 208.544
204.712 236.384
206.695 253.585
208.77 270.53
210.928 287.236
191.229 302.793
199.511 303.788
208.216 303.925
214.889 303.056
221.022 301.281
144.231 240.42
156.124 232.737
168.38 232.338
176.071 243.032
166.26 245.883
154.79 245.507
224.195 243.147
231.91 233.184
242.389 231.455
251.097 239.093
244.162 244.978
234.049 245.157
171.837 330.21
183.614 324.441
195.938 320.356
208.763 321.152
216.981 319.305
224.183 322.812
230.162 328.213
223.947 336.329
216.015 341.098
206.338 342.796
193.614 341.872
181.9 337.115
194.686 330.78
207.785 331.318
215.349 330.379
214.684 331.356
206.546 331.993
193.853 330.881
