155.036 263.185
165.707 255.067
179.146 250.342
193.024 249.364
206.538 251.471
233.95 249.893
240.932 244.24
248.906 240.597
257.172 239.081
264.799 242.078
222.953 273.064
227.234 290.973
231.889 308.959
237.091 326.582
213.15 336.283
222.067 338.553
231.467 338.636
237.979 335.813
241.755 331.5
171.662 280.075
180.996 274.217
190.664 272.638
198.325 278.933
190.508 280.794
181.518 281.15
234.405 272.394
241.438 264.952
250.512 263.101
257.894 266.144
251.854 269.968
243.631 271.774
195.706 364.483
207.664 361.12
218.91 357.522
231.189 356.333
236.3 353.214
240.825 352.72
244.07 353.718
240.611 360.746
237.492 367.383
230.574 371.137
218.684 372.559
207.394 370.199
216.976 364.418
230.166 363.077
235.438 360.19
235.672 358.91
229.957 361.521
217.865 363.905
