83.6016 194.088
90.0986 189.765
98.2928 189.812
105.83 192.032
113.481 194.878
156.011 193.629
170.478 190.735
185.141 189.742
199.479 194.751
210.75 204.93
132.462 221.466
129.333 235.466
125.97 249.055
123.027 262.998
116.11 280.201
120.778 282.839
126.065 283.571
134.458 283.153
143.154 281.376
92.8249 223.123
99.4476 216.776
108.92 217.287
116.254 224.636
107.534 227.367
98.9042 227.066
161.925 226.047
169.071 217.453
179.595 218.446
189.993 224.368
179.794 228.323
169.805 228.806
107.155 311.775
111.067 304.998
117.077 299.568
124.683 300.32
136.551 300.725
146.579 307.419
157.098 313.77
147.365 319.997
136.776 324.591
125.037 325.181
117.046 323.915
111.233 319.056
118.619 310.264
124.965 310.078
136.211 310.727
136.392 311.894
124.668 311.724
118.187 311.404
