185.393 174.99
196.229 166.529
209.347 163.124
222.947 163.587
236.819 165.473
252.549 170.596
256.269 166.651
261.093 164.085
265.979 163.22
271.323 163.371
245.435 191.499
251.729 205.239
258.397 217.138
265.741 229.205
242.011 249.805
250.093 249.832
257.308 249.321
262.606 247.263
267.082 244.664
199.336 195.406
208.353 191.809
218.549 190.227
225.587 196.659
218.037 198.91
208.412 198.862
252.907 196.783
258.087 191.09
265.032 190.176
269.405 194.334
265.265 197.477
258.984 198.164
232.648 278.837
241.873 271.977
251.861 266.235
263.395 264.492
268.884 263.403
271.491 267.386
270.184 272.49
271.046 277.895
268.385 281.539
263.564 283.371
253.125 284.028
242.579 282.623
248.503 272.818
261.435 271.809
266.253 270.954
266.568 271.949
262.683 272.99
249.562 273.847
