122.968 177.976
137.265 171.043
153.619 168.794
169.755 171.3
184.972 176.7
222.936 178.222
234.711 173.253
247.223 170.573
260.063 172.011
269.109 179.779
205.952 203.043
207.625 219.037
209.501 235.1
211.24 251.436
189.207 265.145
199.447 267.301
210.12 267.826
218.76 267.388
226.523 264.877
139.809 206.692
152.018 199.62
165.348 200.391
174.585 210.305
163.048 212.911
150.962 212.141
228.435 211.737
237.017 203.298
248.615 201.369
258.593 208.207
250.561 214.336
239.313 214.197
174.996 296.723
185.014 287.256
197.312 281.084
211.1 281.743
222.186 280.678
231.98 286.28
238.733 295.908
232.385 304.728
223.403 311.516
211.948 312.81
198.11 311.721
185.607 305.522
195.282 293.894
211.592 294.134
224.287 293.889
223.786 295.726
211.329 296.735
195.124 295.354
