92.6886 231.76
104.324 226.558
116.899 227.593
128.941 230.95
140.244 236.702
173.66 236.98
188.336 230.902
203.955 227.953
219.896 229.952
233.55 237.977
154.862 258.721
153.102 274.797
151.016 290.662
149.101 306.66
136.276 320.057
142.925 322.997
150.481 324.277
159.721 323.764
168.446 322.464
104.607 257.901
115.18 251.916
126.32 253.682
134.333 262.164
124.101 264.362
113.572 263.382
180.813 264.76
190.042 255.557
202.731 255.349
213.337 261.817
203.184 266.556
191.451 267.349
125.389 348.134
132.29 342.761
140.835 339.547
149.787 341.772
162.951 341.094
175.051 346.918
187.053 353.126
175.94 359.524
163.719 362.723
150.887 362.86
140.478 360.653
132.116 355.888
138.133 349.685
149.744 350.887
166.18 351.913
166.855 352.005
150.868 350.802
138.922 350.267
