204.5 204.315
212.694 197.397
222.31 193.738
232.281 193.373
242.546 194.421
272.886 193.637
272.963 189.965
273.753 187.355
274.986 185.892
276.473 184.718
260.24 224.017
265.489 237.572
271.071 250.422
276.095 263.683
253.057 281.189
259.374 283.931
266.018 284.991
268.929 283.76
272.141 281.706
214.309 226.848
222.999 221.7
231.99 219.657
238.35 227.998
231.576 231.012
221.949 230.969
262.311 223.936
266.126 214.606
273.017 211.524
276.939 217.192
275.454 222.665
269.231 224.572
238.899 308.534
248.633 303.166
257.253 297.337
268.304 296.568
271.987 294.366
275.29 297.333
275.201 302.625
276.056 309.039
273.086 312.937
268.684 315.175
258.779 315.657
248.323 313.27
256.878 304.816
266.642 303.639
270.324 302.654
271.217 304.128
267.939 304.718
258.475 306.299
