119.973 243.305
136.357 238.237
154.459 238.688
171.676 243.191
186.902 250.693
225.569 250.826
237.513 244.397
249.947 239.927
263.656 237.857
275.46 241.225
205.85 271.067
206.91 286.516
208.242 302.542
209.308 318.449
185.268 331.743
195.767 334.776
207.224 336.007
216.342 334.732
224.357 331.822
138.938 268.967
150.743 261.849
163.984 261.94
173.442 273.297
162.544 277.306
149.238 276.223
230.043 271.981
238.973 261.885
250.489 261.591
261.055 268.746
252.204 275.359
240.576 275.824
164.603 366.825
177.904 362.561
190.989 357.875
204.33 359.958
213.908 358.179
223.222 362.14
231.614 367.319
225.671 378.934
216.005 386.436
202.936 388.498
188.072 385.94
174.884 378.557
188.37 369.479
204.171 370.61
215.093 369.453
214.946 371.185
203.603 372.35
187.999 370.817
