179.362 214.501
187.117 205.907
197.816 200.707
209.339 199.882
220.924 201.562
256.847 204.894
259.892 203.896
262.354 203.901
265.2 204.591
267.725 207.154
242.501 241.028
249.241 253.646
255.859 266.519
261.877 278.855
237.875 297.096
244.901 298.06
251.263 298.451
254.589 297.947
257.719 296.557
193.576 241.122
203.101 236.716
212.984 235.812
219.451 244.507
211.836 247.522
201.664 246.614
250.382 245.569
258.211 238.357
265.916 236.345
269.862 242.317
266.037 247
258.473 247.53
223.443 325.069
232.738 319.893
242.066 314.795
252.733 313.947
258.021 312.867
261.349 317.34
260.573 323.861
260.284 329.031
256.467 332.537
251.49 334.061
241.142 334.227
231.029 331.477
240.748 323.243
252.058 321.839
257.129 322.036
257.305 324.121
251.984 324.471
241.167 325.383
