76.9091 171.548
82.2013 170.127
87.9237 172.373
93.1431 175.955
97.0438 181.413
123.839 176.159
138.783 170.829
154.52 169.267
169.569 173.54
180.75 183.603
106.446 208.315
98.5151 223.894
89.858 238.497
81.715 253.171
83.9623 271.263
88.6186 272.881
92.8843 274.147
99.9969 274.123
110.023 273.796
79.02 207.533
82.7583 201.159
91.4967 203.862
98.9084 212.798
90.9086 214.098
82.4324 213.004
132.086 213.902
139.055 204.163
151.029 204.972
163.81 211.72
152.347 215.434
141.092 215.725
84.161 300.209
82.2826 293.698
85.6809 289.301
92.1312 290.313
105.351 292.324
117.55 300.209
129.416 307.504
118.806 314.763
106.979 319.448
94.1939 318.958
87.8518 314.175
84.8965 308.026
88.9579 299.293
94.4652 299.288
106.87 302.165
106.73 305.199
95.4267 304.938
90.5407 301.239
