88.124 181.513
92.8895 179.627
97.9506 180.057
103.587 182.449
108.056 185.947
127.215 179.933
140.007 174.901
153.806 172.548
167.472 174.734
178.632 181.093
118.839 210.005
113.686 222.14
108.59 233.687
103.073 245.609
104.304 260.652
108.158 262.771
112.066 263.581
118.165 263.043
125.485 261.593
96.2893 211.047
98.6362 205.634
106.293 206.683
111.995 212.408
105.781 213.718
99.8621 214.073
143.933 211.361
148.795 203.695
158.05 204.104
166.536 208.015
158.764 212.009
150.956 213.125
102.031 287.223
101.744 282.552
105.796 278.718
111.757 279.41
123.853 279.493
134.943 283.171
145.44 288.022
136.217 293.38
125.514 297.081
114.3 297.843
108.262 296.535
103.861 291.543
108.388 287.05
113.957 287.041
126.283 286.88
125.18 286.995
112.759 287.131
108.103 286.264
