82.3911 144.448
88.9231 141.994
96.6005 142.293
104.217 145.441
111.099 149.761
144.649 146.509
159.33 142.164
174.722 140
189.941 143.273
202.815 150.428
128.073 177.403
124.623 192.075
120.608 206.874
116.419 221.353
107.633 235.804
113.62 239.616
121.362 240.907
131.978 240.722
141.904 238.744
86.9811 178.494
93.8968 171.212
103.86 173.894
111.307 182.548
101.53 184.122
92.4406 183.862
156.902 183.408
164.906 173.631
177.349 174.194
188.9 181.041
178.323 185.601
167.057 186.199
106.87 268.59
106.919 258.654
113.356 253.264
121.266 254.797
136.026 255.43
149.172 262.129
160.966 271.646
150.299 280.549
137.653 286.202
123.482 287.106
114.24 284.695
108.625 277.584
115.419 265.907
121.974 266.645
137.518 266.721
137.751 271.999
123.221 272.002
116.601 270.637
