173.659 203.166
183.933 193.624
196.704 189.622
210.113 190.417
222.957 193.416
253.048 196.259
257.094 193.158
261.859 191.172
267.148 189.265
271.255 192.568
241.044 229.082
246.403 241.827
251.897 253.964
257.123 266.628
233.346 285.637
241.205 286.586
248.979 287.066
253.992 285.356
258.489 282.46
191.403 229.39
202.075 225.758
211.04 225.264
217.863 231.405
210.345 234.667
200.826 233.766
251.025 228.173
257.288 221.302
264.357 219.954
269.492 224.007
265.719 229.797
258.873 230.208
217.098 316.756
226.381 309.054
237.153 302.134
249.447 302.37
255.847 299.788
261.041 304.843
260.683 312.092
258.677 317.352
255.129 322.701
248.552 325.119
237.889 324.581
226.97 321.471
235.187 311.906
248.55 310.832
253.566 310.391
253.059 310.459
248.063 311.903
235.263 312.458
