132.72 205.023
144.663 198.661
157.921 195.976
171.499 197.041
184.094 201.504
218.876 205.549
227.209 201.75
237.047 199.389
246.874 199.665
255.525 203.073
202.208 224.173
204.395 237.443
206.838 250.77
209.199 263.88
192.512 281.737
200.541 283.905
208.436 284.587
214.42 283.737
219.575 281.399
145.204 226.017
155.708 218.232
168.541 218.366
176.443 228.505
166.466 231.693
155.129 230.789
220.307 231.11
228.28 221.765
239.912 220.021
248.805 227.775
240.962 232.828
230.58 233.154
170.711 316.104
182.425 307.836
195.129 301.634
209.311 301.965
218.18 300.099
227.368 304.449
234.228 312.284
228.131 320.974
219.17 326.523
208.796 328.542
195.835 327.227
182.876 323.571
193.791 313.032
208.911 312.83
219.533 311.989
219.671 312.935
209.058 313.473
194.021 313.536
