102.491 230.897
113.002 221.427
127.097 217.746
141.508 219.538
155.261 222.647
200.654 222.531
214.594 220.041
228.513 218.903
242.094 222.977
251.62 232.975
179.495 252.56
179.791 267.02
179.922 281.713
180.075 296.298
163.73 309.856
171.07 312.317
179.352 313.163
187.399 312.152
194.861 309.55
121.591 252.511
131.444 246.816
142.691 246.617
151.123 254.129
141.286 257.337
131.195 257.053
205.654 254.066
213.119 246.824
223.538 246.433
232.738 252.365
223.737 256.948
213.999 257.083
149.393 343.297
159.045 336.681
168.206 330.109
178.671 331.851
189.139 329.963
198.208 336.112
207.338 342.559
198.518 348.891
189.248 353.904
178.23 355.546
167.247 354.232
157.944 349.619
168.697 340.328
178.563 340.528
187.998 340.184
188.415 341.798
178.419 342.053
168.078 342.042
