76.2786 172.087
82.0715 167.954
89.4936 167.06
96.0829 168.844
102.361 172.466
150.726 164.291
163.999 160.781
177.572 160.587
191.072 164.169
201.525 173.146
124.854 199.43
120.191 216.522
114.511 232.461
109.327 248.913
104.823 268.67
110.234 271.225
116.826 272.375
126.828 271.834
137.107 269.652
84.2798 204.37
91.1976 197.689
101.371 198.682
110.415 207.431
100.984 209.832
91.2051 209.919
154.096 204.374
162.249 193.932
174.66 193.744
187.503 199.792
176.307 205.567
164.422 207.219
103.267 302.69
106.29 298.043
112.884 296.083
120.267 297.284
134.889 297.248
149.331 300.825
163.376 305.702
152.028 315.283
137.938 321.996
123.197 321.833
114.401 318.658
107.817 311.861
116.237 306.271
121.953 308.049
136.585 308.26
136.453 308.475
122.687 307.3
116.388 306.368
