86.1825 201.755
89.0457 195.429
94.5805 192.139
100.755 191.035
106.226 192.798
141.999 185.752
157.661 182.729
173.097 184.086
187.727 190.213
199.961 199.281
129.199 226.991
126.156 241.158
122.407 254.128
118.524 266.794
116.187 285.25
120.354 287.504
126.382 288.496
134.262 287.015
141.985 284.324
96.3021 226.192
100.766 219.915
109.744 220.664
118.114 227.699
109.432 230.458
100.972 230.796
155.696 224.738
162.392 215.6
173.627 215.146
185.727 219.289
176.771 225.064
166.08 226.946
113.294 316.042
112.086 309.69
117.066 305.471
123.669 306.47
136.518 306.056
148.84 311.168
160.939 316.476
150.778 321.767
139.687 324.917
127.904 326.488
121.316 325.346
116.244 322.131
122.047 315.042
125.853 315.03
136.006 314.062
135.991 315.081
126.43 315.846
122.608 315.272
