81.5668 204.613
85.7513 200.884
91.0763 200.828
97.0216 202.824
101.934 206.506
126.085 202.8
139.267 198.639
153.193 198.83
166.638 202.477
177.34 210.515
109.016 238.32
103.33 252.897
97.5513 266.363
91.9645 280.263
92.8408 294.599
96.9108 297.502
102.047 298.526
110.024 297.567
118.586 295.858
85.0595 237.075
88.6164 230.823
96.8071 232.653
102.711 240.767
95.5585 242.56
88.0169 242.433
136.207 239.131
141.505 229.932
152.752 230.527
163.544 235.533
154.383 240.041
143.855 241.722
97.1798 324.926
95.2585 319.678
98.1441 315.455
102.785 317.407
114.843 315.753
126.584 320.038
137.282 325.986
129.74 334.577
118.764 339.245
106.77 339.923
100.943 336.98
97.6446 331.323
101.335 325.875
104.971 325.838
118.201 324.98
118.873 326.727
106.502 326.856
102.335 325.704
