128.257 217.074
140.057 210.896
153.821 208.436
167.663 208.536
182.161 210.597
224.49 211.896
235.397 209.718
246.24 209.351
256.877 211.416
266.683 215.501
204.651 238.188
206.563 253.1
208.699 267.455
210.332 281.412
189.758 296.418
198.533 298.62
208 299.425
215.109 299.077
221.737 296.663
146.69 243.708
157.073 237.786
168.817 238
177.866 244.823
167.972 247.43
157.261 247.242
224.263 246.148
232.415 240.243
242.623 239.658
251.417 244.306
243.004 247.963
233.418 248.363
170.391 329.985
180.321 319.302
193.301 312.273
207.969 312.533
218.957 311.52
229.072 316.797
233.418 327.826
227.713 336.988
218.564 342.753
207.45 344.423
193.88 343.223
181.307 338.673
190.895 324.035
207.776 322.863
219.22 323.735
220.049 333.344
207.883 333.742
191.05 333.521
