176.79 270.094
185.48 262.605
197.07 258.195
209.343 256.277
222.317 256.648
248.972 258.798
252.793 256.73
257.351 254.619
262.062 254.027
265.675 256.628
239.152 288.468
243.98 298.636
248.707 308.565
253.234 318.379
233.506 336.691
241.095 337.155
248.553 336.652
253.28 335.561
256.676 332.874
192.855 286.508
201.013 283.563
210.216 281.747
215.926 288.756
209.015 292.608
200.169 291.988
249.159 286.929
255.17 280.346
262.686 278.036
266.55 282.357
262.936 287.506
256.343 288.73
225.395 365.008
233.987 358.093
242.897 351.494
253.388 350.351
257.642 348.947
260.975 352.484
261.233 358.631
259.859 363.406
257.054 366.544
252.765 368.544
243.487 369.889
234.092 369.24
242.829 360.113
253.212 358.967
256.096 358.663
256.175 358.372
253.334 359.126
243.139 361.144
