88.0212 261.251
91.1843 259.187
95.3774 259.171
99.4416 261.148
102.687 264.321
131.452 262.255
141.335 260.146
151.83 261.313
161.454 265.529
169.754 271.898
119.16 291.51
115.15 303.872
111.323 316.229
107.469 328.78
109.111 340.644
112.968 342.133
116.529 342.788
122.895 341.961
129.15 340.684
96.4029 287.159
99.3577 282.965
106.53 285.471
111.926 291.494
105.887 292.438
100.037 291.099
140.082 291.251
144.631 285.398
154.042 285.751
162.097 290.447
154.181 293.938
146.032 293.844
111.697 363.09
108.736 358.765
111.408 355.623
116.28 356.782
127.049 357.489
137.178 361.368
146.234 365.052
138.308 371.934
128.252 376.173
117.904 377.163
113.348 373.686
111.165 368.585
113.799 362.276
118.36 363.96
130.486 364.333
128.982 366.702
117.704 366.79
114.088 364.734
