187.573 213.468
197.661 207.792
209.144 204.531
220.74 205.029
232.2 208.293
255.736 210.961
262.669 205.978
270.265 204.165
276.876 205.391
281.517 209.44
242.064 237.592
244.751 251.361
248.539 264.975
252.2 279.039
227.794 294.906
235.509 296.179
244.104 297.244
249.261 295.071
252.336 292.133
192.092 236.211
201.066 230.554
211.016 230.571
216.716 238.791
209.515 241.796
200.249 240.58
251.64 236.357
258.177 227.378
265.855 225.806
270.303 231.456
266.642 236.282
259.771 237.625
207.635 321.594
219.245 316.596
230.617 312.704
243.036 312.794
247.544 310.967
251.512 313.222
251.271 317.727
249.241 323.732
245.79 328.041
240.192 330.88
228.249 329.899
218.014 326.909
225.65 320.606
240.78 320.252
246.098 319.577
246.916 319.501
241.334 320.761
226.236 320.762
