156.494 237.608
168.95 232.385
181.899 229.206
195.307 229.274
208.076 231.383
248.863 230.06
255.322 228.23
261.715 227.229
267.958 227.407
274.359 229.875
230.719 252.358
233.147 267.006
236.16 281.139
239.349 295.01
215.413 309.992
225.28 311.28
235.048 312.064
242.227 309.796
247.118 307.008
169.914 259.209
181.084 253.313
193.127 252.028
202.071 259.843
191.863 263.653
180.636 263.576
244.645 258.548
252.503 250.873
262 248.995
268.671 253.826
263.343 260.199
254.129 260.629
198.032 339.223
209.049 332.131
221.269 325.923
234.573 325.006
242.407 323.494
249.638 327.137
253.958 333.636
248.917 342.268
242.663 348.649
233.833 351.959
220.735 351.757
208.606 346.357
217.165 336.575
233.179 335.24
242.338 334.279
242.463 335.209
233.22 337.693
217.263 337.388
