211.983 206.115
218.345 195.631
227.917 190.599
238.573 190.105
249.395 193.519
268.622 199.386
270.927 195.033
273.975 193.216
277.077 194.618
279.405 198.437
261.508 217.911
267.459 229.828
273.826 240.867
280.007 252.948
260.788 271.823
266.129 272.731
269.989 272.471
274.674 271.521
278.533 269.067
222.435 222.377
230.279 217.47
236.88 217.294
242.025 223.845
236.998 227.018
230.736 226.986
264.17 222.17
267.431 217.42
271.455 216.573
273.703 220.104
271.545 223.812
268.259 224.704
245.301 300.401
253.865 294.148
262.66 289.894
271.831 289.391
276.188 287.67
278.102 289.907
277.65 293.899
276.366 298.648
274.363 302.664
269.866 305.787
261.934 306.014
253.075 304.656
260.79 293.963
269.877 294.123
273.096 292.848
272.697 296.421
268.509 297.93
260.815 298.183
