86.88 185.531
92.2394 183.749
97.5064 183.717
102.599 186.603
106.293 190.437
129.719 191.405
143.239 191.164
155.696 193.563
168.278 198.371
179.116 206.55
112.728 221.254
105.13 234.404
96.8422 247.277
88.9832 260.366
85.5841 274.779
88.865 277.416
92.9838 279.576
101.143 280.914
110.026 281.242
87.7671 214.239
92.7633 208.618
100.067 211.639
105.646 221.142
97.591 220.343
91.1087 218.337
136.765 225.504
144.305 218.747
153.569 220.852
162.326 226.901
152.928 229.814
143.478 229.163
81.1052 301.239
80.6434 297.8
84.3687 295.06
88.7469 297.533
100.278 300.846
109.824 307.625
119.049 314.444
109.327 319.975
98.6058 321.569
87.6657 319.753
82.4383 315.7
79.7134 309.389
85.4129 303.584
89.9961 305.874
101.748 309.513
101.063 310.411
89.8728 307.81
85.3411 305.104
