87.5866 193.486
90.8314 191.417
95.278 193.678
99.8217 198.276
103.281 202.812
121.908 196.867
135.613 191.026
150.483 188.739
165.171 191.731
176.108 199.725
109.33 230.043
104.538 242.46
99.0648 254.431
93.3864 265.966
97.3581 282.934
99.1146 284.833
101.642 286.381
106.026 286.336
112.331 286.185
87.7915 227.288
89.9575 221.744
97.7194 223.72
103.323 231.261
96.0404 233.937
89.6568 233.259
135.192 229.37
139.041 219.564
149.965 219.673
160.854 224.019
151.29 229.849
141.872 231.359
99.8243 316.567
96.6851 311.475
97.9045 306.177
102.101 306.674
115.059 307.22
128.044 312.219
139.166 318.347
128.795 325.103
117.298 328.136
105.368 329.498
101.238 326.645
99.6867 322.239
102.709 316.16
103.407 316.641
118.347 316.849
118.299 318.307
104.57 317.69
103.78 317.107
