156.996 168.062
166.922 161.557
178.823 159.813
191.171 161.304
202.62 164.787
234.782 164.886
241.57 163.019
248.716 162.113
255.911 162.645
262.52 166.48
221.223 188.265
224.423 200.276
228.487 212.175
232.325 224.856
213.243 244.182
220.62 245.49
227.736 246.024
232.822 245.129
236.995 243.735
168.159 191.357
178.467 186.019
189.486 186.294
196.622 194.261
187.774 196.349
177.313 195.488
234.998 194.731
242.603 188.407
251.736 187.402
259.073 192.716
252.054 197.734
243.162 197.044
196.702 273.191
207.558 269.31
217.195 264.333
228.343 263.948
235.393 262.93
241.352 266.59
245.065 271.478
240.137 275.946
235.257 278.851
229.002 279.604
218.249 278.9
207.767 276.692
217.131 270.999
228.342 270.845
233.943 270.591
233.568 270.945
228.451 270.555
217.564 270.73
