99.2879 257.793
112.445 252.326
126.485 253.125
139.588 256.83
152.408 261.578
206.893 261.582
218.735 255.803
231.186 252.265
244.457 251.687
256.322 257.705
179.696 287.417
180.047 307.562
180.739 327.779
181.122 347.578
158.177 360.398
168.261 364.505
179.598 366.183
189.603 364.749
198.456 361.587
114.73 288.128
127.563 282.205
141.327 284.053
150.9 294.495
138.131 295.627
125.394 294.273
206.289 295.778
216.593 284.548
230.735 282.834
243.149 290.254
232.309 295.982
219.422 296.917
138.226 393.901
152.015 388.819
165.753 385.5
179.192 388.062
191.191 385.908
202.718 389.461
214.901 394.412
204.198 405.058
192.28 411.813
177.673 413.861
162.588 411.638
149.295 404.626
161.937 395.18
178.558 397.652
193.041 396.439
192.636 396.798
178.396 398.22
162.201 395.841
