128.823 214.889
142.444 208.109
157.902 206.53
172.911 208.34
186.459 214.487
232.06 216.4
241.833 210.603
252.621 207.294
264.172 207.181
272.867 214.475
208.786 250.396
212.622 266.195
217.146 281.65
221.925 296.988
196.318 317.709
207.313 319.075
218.344 319.585
226.645 317.938
233.279 315.045
137.534 248.847
152.173 240.119
166.837 241.409
175.536 253.047
163.518 256.989
149.568 255.402
231.829 253.793
241.82 242.796
254.6 239.814
265.941 248.387
257.653 255.575
245.059 256.116
173.467 354.153
187.631 344.301
202.6 336.47
218.809 337.191
230.08 335.251
240.045 340.875
247.187 349.93
240.516 360.087
230.151 366.622
218.145 368.285
202.475 367.729
187.458 362.795
200.535 349.859
218.313 348.28
228.607 348.95
229.363 350.147
218.578 350.088
200.234 350.66
