101.281 250.273
111.653 241.603
125.818 240.094
139.962 240.696
153.36 243.997
200.461 242.129
214.687 237.695
229.885 236.749
244.941 239.229
255.05 248.76
177.292 274.931
177.595 292.825
178.049 310.758
178.529 328.392
162.867 340.072
170.271 343.128
178.802 344.649
187.706 342.536
195.528 338.88
117.182 276.985
128.732 269.42
142.252 270.754
152.089 281.022
140.148 284.195
127.395 283.503
205.043 279.246
214.421 269.36
227.662 267.494
239.869 274.583
229.756 281.175
216.995 282.198
147.812 368.931
158.717 364.167
169.165 359.569
180.318 360.812
192.031 358.966
203.128 362.545
215.355 365.862
206.444 375.967
194.951 383.36
181.43 385.636
168.342 384.599
156.855 378.363
167.281 369.442
180.651 369.903
195.234 368.491
195.662 369.399
180.876 370.292
167.19 370.681
