71.592 197.82
78.8744 194.943
86.0832 193.883
93.4375 195.362
99.7224 198.537
141.85 188.911
156.633 185.048
172.209 184.407
187.275 186.394
201.626 191.661
120.374 227.217
114.39 242.553
107.67 257.445
100.859 272.909
99.4981 292.688
103.843 295.76
110.541 296.79
121.221 295.73
130.859 292.82
83.4279 230.905
88.5439 222.461
97.7696 223.28
105.287 233.226
97.0111 235.129
89.0915 235.069
151.426 230.042
158.905 217.644
171.114 217.194
182.528 223.941
173.408 230.463
162.4 232.928
91.8347 325.703
93.5889 317.837
100.069 312.479
107.948 313.607
122.971 313.32
136.922 319.711
150.192 325.744
137.184 332.745
123.485 336.661
109.404 337.229
102.179 336.025
95.8559 331.657
101.061 323.779
110.213 323.447
127.65 324.26
126.897 325.035
109.909 324.494
100.751 324.727
