81.4143 172.967
91.3328 166.613
104.328 165.977
117.223 167.711
128.8 172.648
167.171 169.46
185.795 163.772
205.56 162.86
224.644 167.273
240.961 177.624
144.397 202.4
141.189 220.288
137.393 237.429
134.716 255.376
121.584 275.44
128.372 277.953
136.568 279.116
147.982 278.564
158.256 276.722
87.6716 209.879
97.5173 202.105
111.112 203.155
120.935 211.967
109.075 214.653
97.083 214.267
181.994 211.79
191.51 201.366
206.704 201.446
220.54 209.399
207.185 213.457
193.657 213.955
107.601 313.385
113.683 303.688
123.49 296.763
135.327 298.982
151.065 297.837
164.858 306.168
177.97 315.681
165.076 323.964
150.491 328.871
134.93 329.799
122.889 327.903
113.538 322.207
122.185 309.948
135.241 310.342
154.056 311.128
153.42 313.22
135.123 312.976
122.037 312.199
