121.314 228.161
132.655 218.831
146.649 213.691
161.59 213.347
175.712 216.768
224.639 214.075
234.932 209.836
245.871 207.639
256.605 209.098
266.193 213.878
206.187 247.138
208.933 262.524
211.815 277.873
214.245 293.821
193.9 310.572
203.478 312.964
213.286 313.446
221.482 311.391
228.606 307.56
144.458 253.895
154.704 246.593
166.255 245.88
175.118 253.64
165.41 257.505
154.776 257.638
228.326 249.43
235.487 241.287
246.278 240.222
255.382 247.062
247.169 251.344
237.677 251.509
181.188 344.843
190.75 336.122
200.96 328.901
213.023 330.107
222.942 327.158
232.641 332.548
240.986 340.634
234.241 349.269
225.13 354.959
214.734 356.118
202.653 355.993
190.915 351.92
201.194 340.252
213.777 339.199
223.772 338.716
224.312 340.907
214.353 341.476
201.294 341.599
