70.7318 195.477
74.9532 192.133
80.1315 192.463
86.0047 194.173
90.5923 197.329
120.62 192.713
134.427 189.128
148.404 188.923
162.238 193.178
173.596 202.018
105.168 228.258
101.223 244.09
96.6459 259.255
92.0885 274.994
94.2978 290.599
98.218 291.305
102.817 291.837
108.699 291.904
115.727 291.651
76.0804 227.512
80.0528 221.295
88.8314 222.858
96.0414 230.425
88.2882 232.969
80.0888 232.718
131.414 230.076
137.763 221.566
148.234 222.402
159.267 228.366
148.404 232.501
138.434 232.763
93.7977 318.965
93.0506 313.63
97.0856 309.192
102.903 310.573
115.313 310.877
127.283 315.669
137.84 320.946
128.637 328.317
117.205 332.48
105.411 333.758
99.3419 331.011
95.3493 325.761
101.324 318.616
105.285 320.421
116.91 320.947
116.751 322.749
104.938 321.389
101.46 320.304
