86.7544 162.409
91.0064 157.145
98.1647 154.529
105.279 155.654
112.023 159.046
154.477 155.475
168.705 152.667
182.965 152.231
196.544 156.548
207.5 164.448
134.229 183.851
130.645 196.237
126.454 208.544
122.726 220.659
118.768 240.565
122.226 242.478
127.305 243.54
135.229 242.328
142.615 240.357
92.4116 187.515
98.6046 179.379
109.037 180.955
116.386 190.309
106.951 191.821
98.1764 191.692
162.266 188.392
169.102 178.419
180.629 179.647
192.763 187.322
181.388 190.365
170.71 191.113
109.51 274.344
110.638 265.215
116.82 258.615
125.376 259.033
138.629 260.391
149.95 267.671
162.009 275.187
150.963 281.205
139.563 284.347
127.779 284.834
119.678 283.94
113.394 280.952
118.497 271.418
126.174 270.564
140.81 272.44
140.836 272.21
126.616 269.996
118.306 271.117
