104.083 192.665
113.319 183.136
126.193 179.92
139.454 180.882
151.862 184.526
197.706 182.122
209.13 177.084
221.608 175.091
234.245 177.25
245.067 183.632
176.994 215.095
177.063 230.248
177.405 245.477
177.967 260.701
162.662 275.266
170.842 275.981
179.248 275.989
189.332 274.94
199.567 273.049
123.498 217.08
133.323 212.545
144.18 213.205
153.994 219.743
143.043 222.014
132.594 221.852
203.126 215.598
210.298 207.742
220.953 206.644
231.798 209.468
223.313 215.29
213.047 217.005
151.648 305.426
159.573 296.993
169.893 291.824
181.437 293.269
193.446 291.292
204.902 295.687
216.265 301.667
206.073 308.902
195.398 314.135
183.551 315.326
172.076 315.009
161.773 311.331
168.241 302.147
182.562 302.387
197.274 300.857
196.857 300.694
182.382 301.818
168.279 302.13
