91.9896 234.723
99.2322 226.404
109.009 221.547
119.516 219.765
129.212 222.197
165.974 217.208
182.294 212.213
199.333 211.622
216.329 216.756
230.027 226.827
153.091 254.444
152.017 268.716
150.561 282.555
149.336 296.418
140.637 316.555
147.274 318.282
155.263 318.54
164.81 317.403
173.788 315.081
107.148 256.224
115.409 249.607
126.298 249.845
136.041 257.588
125.424 260.839
114.944 260.941
180.884 254.829
187.889 244.467
200.77 243.144
213.615 247.684
204.09 254.748
191.921 256.431
131.646 348.086
136.261 340.857
144.818 336.615
154.337 337.782
167.818 336.41
180.192 341.114
193.267 345.737
182.262 352.476
169.824 356.96
156.483 358.524
146.325 358.098
138.546 354.563
146.818 345.689
155.532 346.161
167.902 344.607
167.745 344.778
155.778 346.049
146.958 346.063
