121.984 195.462
134.874 188.576
150.246 186.776
165.724 189.105
179.339 195.881
226.158 199.558
236.639 193.879
248.152 191.126
260.183 191.603
270.295 197.189
205.366 227.123
209.264 244.47
213.225 261.534
216.842 277.915
190.597 294.602
201.763 296.764
212.803 297.804
220.829 297.247
227.985 295.367
136.125 225.342
150.198 218.171
164.396 219.208
173.575 230.242
161.252 232.78
148.278 231.482
228.448 233.298
238.771 223.947
251.302 222.248
260.679 230.574
251.899 235.778
240.356 235.384
170.598 329.443
184.331 321.542
197.518 314.926
212.112 314.337
221.968 314.302
230.193 320.064
236.031 329.073
229.272 338.907
220.488 345.459
209.075 347.004
194.638 345.851
181.902 339.317
196.319 326.742
210.511 326.777
219.046 326.877
219.409 328.548
210.194 329.639
195.496 328.348
