87.9914 249.714
96.9305 241.166
109.869 238.578
122.022 242.594
133.29 249.15
172.652 247.835
188.002 242.527
203.924 240.522
219.495 246.494
232.677 256.141
150.165 275.56
147.548 291.261
144.809 306.706
142.352 322.569
130.201 340.533
136.314 343.503
143.42 344.929
152.815 344.513
161.553 343.002
99.9546 277.515
109.754 271.093
121.157 272.215
127.789 281.255
117.907 283.102
107.7 282.232
181.021 283.49
190.381 274.018
202.878 273.739
214.975 280.533
203.36 285.635
191.69 286.1
121.116 375.26
127.089 365.959
134.561 359.437
143.882 361.082
156.689 360.166
167.177 368.236
177.425 376.254
169.101 384.878
157.671 388.846
145.537 389.468
135.337 388.286
126.928 383.335
135.16 370.994
144.093 370.312
158.209 371.287
158.943 373.266
144.976 373.179
135.169 372.952
