83.97 189.042
87.8648 183.739
93.9477 182.781
99.971 183.917
105.195 186.86
132.46 183.893
143.885 180.707
155.924 180.368
167.461 182.926
176.863 188.895
116.509 219.44
113.096 232.334
109.791 244.549
106.215 257.323
106.879 274.344
109.963 275.758
113.681 276.417
118.732 276.5
124.89 277.211
87.4308 217.44
92.0356 210.3
99.6692 212.027
103.889 220.279
97.7557 222.422
91.0062 222.381
141.814 221.04
147.483 210.496
157.169 211.649
165.798 216.901
158.291 221.379
149.084 222.799
103.6 304.828
103.337 298.082
107.383 293.541
113.163 295.729
124.528 296.204
134.045 303.038
143.016 309.169
135.191 316.326
124.863 319.692
114.51 319.712
108.601 317.724
104.564 312.669
111.16 305.579
114.519 306.323
123.831 306.719
123.912 306.985
114.808 307.19
110.922 305.571
