96.7656 199.077
109.25 188.655
125.931 184.414
142.496 186.866
157.404 193.858
201.568 195.024
216.971 189.613
233.169 188.735
248.572 194.031
260.804 203.509
178.62 224.05
177.787 241.244
176.823 258.221
176.005 275.364
157.878 288.977
166.142 291.529
175.503 292.607
184.682 291.732
193.07 289.788
116.731 226.262
127.188 217.411
140.55 218.863
148.833 230.355
137.94 233.179
126.084 232.379
207.319 231.423
216.71 220.469
230.213 219.975
240.291 229.075
230.63 234.984
218.457 235.199
140.252 322.561
151.094 315.15
162.835 310.74
174.856 312.607
187.55 310.639
199.097 315.939
209.264 323.364
199.781 332.534
187.796 337.216
174.664 338.36
161.712 337.284
149.663 332.238
160.264 322.798
174.542 323.231
189.252 322.767
189.227 323.664
174.924 323.929
160.746 323.473
