185.007 254.8
197.741 247.312
211.319 243.355
226.131 242.615
240.3 245.179
265.646 251.894
269.783 249.442
274.534 247.251
278.622 245.429
282.274 246.493
254.885 276.5
260.027 291.221
265.916 304.662
271.7 318.263
247.099 333.618
256.215 335.41
264.139 335.857
268.297 334.226
272.139 331.354
200.345 277.089
211.303 272.411
221.916 271.07
228.054 278.95
220.696 282.324
210.973 282.154
258.265 280.1
265.252 272.734
273.815 270.614
278.539 276.454
273.921 281.565
266.212 282.134
228.102 363.831
239.481 357.007
250.781 351.68
263.396 350.49
268.715 349.643
272.745 353.198
271.526 358.022
270.549 363.801
268.015 368.95
263.067 370.91
251.53 371.046
239.552 368.477
248.086 360.805
262.632 359.575
266.739 358.595
267.517 358.077
263.899 359.512
249.931 360.803
