90.4688 198.271
95.4347 196.449
100.82 196.193
107.067 197.918
111.987 201.245
134.052 195.249
147.919 191.446
162.361 190.994
176.106 194.087
187.304 201.776
123.862 220.607
119.376 233.482
114.461 245.602
109.702 258.669
110.49 275.199
113.718 276.406
117.182 277.391
124.414 276.796
132.425 275.809
99.7206 223.325
103.193 217.09
111.809 217.947
118.552 225.658
110.997 227.468
103.882 227.476
148.534 223.859
154.399 216.251
165.084 216.63
175.776 220.688
166.695 225.407
156.994 226.39
108.933 305.784
106.237 298.89
108.612 292.23
114.685 292.863
127.603 293.085
139.135 299.448
150.321 306.044
141.466 313.946
131.45 318.452
120.139 319.551
114.024 317.052
110.264 311.676
113.034 304.234
118.016 303.473
131.183 304.265
131.569 305.324
119.572 304.819
113.989 303.99
