86.7226 179.217
92.6701 176.014
100.143 175.22
107.632 177.335
114.875 181.167
152.719 182.544
167.962 178.747
183.944 178.623
199.199 184.329
212.695 193.067
129.222 211.687
123.596 223.996
117.354 235.984
111.192 247.6
104.221 268.776
108.894 271.632
115.28 273.684
125.051 273.379
134.525 271.65
91.484 212.58
97.6582 204.633
107.708 206.972
115.111 216.036
105.601 218.352
96.4452 217.443
161.97 217.045
169.765 209.007
181.692 210.508
193.278 218.672
182.07 221.774
170.727 221.057
92.4772 303.666
95.7254 294.744
102.842 288.995
111.046 290.486
125.376 291.928
138.631 298.817
150.378 307.556
137.151 314.975
123.903 319.423
109.557 319.416
101.02 316.536
95.0228 311.111
103.49 302.054
110.369 302.262
125.629 303.619
125.219 305.088
110.338 303.788
102.955 303.246
