94.1436 241.436
109.436 233.976
127.609 234.691
145.54 239.352
161.477 248.589
193.326 248.106
208.692 239.82
226.139 234.803
244.826 234.52
259.501 242.116
177.506 267.163
177.299 283.726
176.944 300.776
176.834 317.562
156.054 329.233
166.01 332.918
176.688 334.62
188.294 333.444
198.121 329.685
115.65 265.108
127.015 258.958
140.128 259.813
149.589 271.083
137.796 274.332
124.931 273.058
208.503 269.675
218.338 259.177
231.282 258.762
243.458 266.397
232.381 272.876
220.075 273.454
141.941 363.19
152.978 359.52
164.17 355.263
176.144 357.287
188.12 356.032
199.84 360.584
211.786 364.389
203.272 376.157
191.177 384.503
176.133 386.591
161.643 384.046
150.145 375.554
162.963 366.286
176.252 367.428
189.43 366.636
190.031 368.422
176.326 369.81
162.786 367.967
