130.597 193.416
141.668 185.534
155.048 181.571
168.61 182.139
181.526 185.624
219.628 187.545
231.671 184.689
244.196 184.083
255.779 187.798
263.578 196.111
200.739 213.96
203.005 228.987
205.552 243.66
207.502 258.181
186.324 276.181
195.504 277.369
204.961 277.799
212.209 276.953
218.317 275.56
144.291 217.793
155.639 213.055
166.969 213.217
175.709 220.968
165.247 222.637
154.627 222.072
221.227 222.165
229.642 215.395
240.208 214.657
248.92 220.441
240.667 224.324
231.33 224.521
168.457 305.227
181.092 299.126
192.522 293.791
204.829 294.07
213.901 292.716
222.135 297.272
228.399 303.752
221.523 311.303
212.922 315.391
203.368 316.848
191.204 315.789
180.353 311.345
190.754 303.94
204.688 303.353
214.139 303.105
213.633 303.717
204.463 304.58
190.865 304.414
