77.7374 214.289
86.8114 207.098
98.3996 204.862
110.431 206.121
121.677 210.454
171.169 207.799
186.956 203.11
203.478 201.253
219.593 205.318
232.725 215.255
146.196 236.892
144.564 254.89
142.222 272.696
139.897 290.59
126.369 309.231
134.799 312.667
144.049 313.518
155.874 312.368
167.162 309.079
91.7844 244.302
100.796 237.181
113.072 237.899
121.753 245.353
111.445 248.767
101.08 249.474
179.085 244.914
189.381 236.606
202.901 236.613
214.614 242.323
203.793 247.397
191.263 248.279
114.694 345.178
121.984 336.926
132.864 332.705
143.722 334.219
159.849 333.323
175.341 338.731
190.056 345.432
176.473 354.989
161.354 361.214
145.076 361.835
132.79 360.018
122.642 354.01
132.481 344.462
144.169 344.929
163.241 345.041
163.064 345.839
144.254 345.645
132.189 345.369
