104.066 207.971
112.556 201.756
122.525 199.423
132.406 200.68
142.385 203.406
177.153 200.882
188.117 197.208
199.801 195.348
211.443 197.694
221.024 204.52
160.625 227.918
159.984 240.476
158.986 252.789
158.451 264.68
148.776 279.48
154.333 281.121
160.144 281.685
167.625 280.364
174.371 278.088
114.858 227.507
123.031 222.315
132.688 222.753
140.674 229.408
131.558 231.261
122.551 231.072
183.759 228.346
190.251 220.531
200.469 219.713
210.822 224.247
201.962 228.739
192.608 229.886
135.957 307.26
143.519 302.092
151.603 298.595
160.511 299.634
171.107 297.99
181.119 301.124
191.711 305.103
182.811 312.507
172.704 317.756
161.455 319.443
151.49 318.481
143.153 313.894
153.178 307.703
160.95 307.549
171.079 306.168
171.016 306.983
160.867 307.831
152.903 308.017
