161.177 230.74
170.833 222.78
182.663 218.521
195.808 218.64
207.688 221.611
254.389 219.243
258.79 214.798
264.123 211.278
269.851 209.037
275.556 210.015
235.112 250.415
239.66 266.753
244.739 282.646
249.559 298.23
224.165 314.357
234.037 316.413
243.243 316.429
250.593 314.935
256.746 311.531
176.451 255.184
187.647 250.411
197.645 249.854
204.593 256.138
196.948 259.76
186.822 259.576
251.989 251.21
258.376 244.107
266.782 240.659
272.485 244.003
268.98 251.098
260.889 252.352
206.998 346.735
219.232 341.769
230.357 334.922
242.22 333.66
248.233 332.67
254.632 335.491
258.259 340.853
254.565 348.364
249.532 354.232
241.949 357.166
229.707 357.407
217.601 353.318
229.296 345.595
241.352 344.41
247.283 342.945
248.033 342.907
242.053 344.132
229.477 345.37
