114.43 245.602
125.32 239.497
137.874 237.083
150.681 238.239
162.402 241.562
194.998 242.156
207.224 238.111
220.036 236.445
233.163 238.493
243.721 244.896
177.801 265.597
178.258 278.178
178.513 290.349
178.99 302.525
164.687 319.24
172.061 319.651
179.449 320.022
187.444 319.609
193.945 319.178
125.937 267.719
135.741 262.204
147.33 263.408
154.086 272.241
144.172 273.943
134.065 272.66
202.253 270.929
209.502 262.593
220.683 261.485
230.496 267.885
221.734 271.796
212.026 272.709
152.222 347.534
159.489 339.428
168.827 333.138
179.175 333.493
190.352 333.09
200.108 338.323
209.092 345.152
199.255 349.873
189.796 352.833
179.622 354.26
169.619 353.217
160.72 350.786
169.369 342.78
179.337 342.631
190.695 342.468
190.561 342.529
179.451 342.861
169.429 343.414
