153.033 231.121
162.475 222.779
174.209 219.17
186.081 219.266
197.552 221.974
227.544 222.798
234.658 218.911
242.33 216.16
250.387 215.559
257.679 218.269
218.502 241.585
221.56 253.267
225.123 264.946
228.539 276.969
212.262 293.545
219.366 294.449
226.304 293.985
230.878 293.344
234.882 291.836
168.167 248.617
176.439 241.869
187.137 241.179
194.45 248.644
186.302 251.937
176.715 251.708
232.046 246.211
237.204 238.526
246.075 236.851
253.454 242.826
247.804 246.927
239.725 247.421
195.96 321.782
204.253 313.227
214.095 306.756
226.11 305.765
234.9 304.923
242.049 310.187
245.453 319.053
241.706 326.879
234.367 331.344
226.016 333.079
215.038 332.58
204.229 329.329
213.14 315.223
225.99 313.138
233.817 314.034
233.611 321.195
226.136 321.065
213.675 321.89
