116.11 231.068
125.322 222.776
137.338 218.015
150.082 217.702
161.78 221.054
196.522 218.22
208.482 214.851
220.783 214.315
232.822 217.827
242.144 224.939
180.902 247.54
181.587 262.439
182.242 277.267
182.856 291.839
168.776 302.665
175.837 304.618
183.143 305.437
190.852 303.481
197.723 300.816
130.72 252.381
139.23 247.648
149.229 247.307
157.891 252.61
148.784 254.431
139.319 254.578
203.819 249.274
211.738 243.331
221.395 242.817
229.968 246.531
221.495 249.521
212.773 249.918
153.254 329.997
162.91 324.776
172.894 320.568
183.803 321.559
194.472 319.47
205.05 322.544
215.604 327.23
205.52 333.428
195.243 337.945
184.537 339.767
173.314 339.408
162.861 335.75
170.352 328.75
183.921 328.838
197.876 327.293
197.915 327.658
184.148 329.532
170.735 329.071
