139.042 188.107
150.646 180.993
164.261 178.995
177.826 180.014
191.283 183.226
231.95 185.72
241.884 182.998
251.555 183.227
259.871 187.529
264.835 196.61
212.758 212.131
214.902 226.009
216.965 239.801
218.729 253.499
195.639 271.766
203.279 274.734
211.634 275.96
218.278 274.778
223.061 272.362
155.468 210.233
166.663 203.768
178.375 203.782
184.829 214.07
174.86 217.1
164.595 215.487
226.586 216.397
235.419 208.311
245.158 208.128
252.615 214.259
245.825 220.203
236.359 219.62
178.732 303.568
190.971 298.704
201.773 292.046
213.652 293.117
220.885 292.9
226.759 297.937
231.151 305.558
225.925 311.318
219.494 315.234
211.21 315.816
199.009 314.235
188.67 309.975
200.712 302.165
212.343 302.568
219.404 302.638
220.221 304.171
212.055 304.285
200.574 303.874
