173.654 233.572
183.406 224.589
195.716 220.239
209.469 220.555
222.865 223.233
250.257 231.454
256.364 229.878
262.244 230.407
268.014 233.366
271.595 239.603
235.451 264.361
239.167 278.342
243.801 291.591
248.786 305.514
222.657 320.57
230.862 323.71
238.895 325.056
244.063 324.896
248.344 322.748
187.973 258.482
198.493 253.94
208.665 254.592
212.947 262.999
205.472 265.99
195.693 264.021
242.337 265.91
250.251 259.184
258.335 258.358
261.904 264.517
256.951 269.093
250.058 268.824
202.059 346.463
214.282 343.605
225.691 341.081
237.78 341.992
243.573 340.689
247.299 342.951
247.416 345.846
245.556 352.713
241.105 357.206
234.53 359.547
223.328 357.711
211.443 353.883
225.534 347.209
235.471 347.923
239.029 347.497
239.238 348.098
235.931 348.896
225.911 348.302
