157.152 231.159
167.037 223.704
179.38 219.102
192.643 217.826
206.445 219.238
240.951 219.87
247.144 216.848
253.423 215.998
259.557 216.826
264.11 220.499
227.002 248.543
231.381 263.102
236.023 277.003
240.483 291.724
219.651 308.134
228.073 308.419
235.621 308.387
240.885 306.873
244.056 304.191
169.627 252.151
180.707 245.364
191.353 243.927
198.795 251.545
190.516 256.378
180.224 256.627
238.218 251.506
245.355 242.975
254.209 241.018
260.518 247.964
255.57 253.508
247.067 253.424
205.066 340.877
214.146 332.399
225.19 325.377
237.93 323.716
244.675 321.156
250.875 324.694
253.479 331.254
251.51 339.32
245.919 345.59
238.343 348.598
226.515 348.813
214.968 346.217
223.359 335.12
238.006 332.772
243.431 330.94
244.307 333.607
238.241 335.95
224.169 337.549
