147.246 265.258
159.942 254.358
175.52 247.578
191.604 244.757
207.712 245.62
240.433 245.127
249.473 240.655
259.665 239.477
269.694 242.321
276.25 249.918
225.358 274.579
228.556 288.35
231.932 301.74
235.207 315.063
215.245 336.864
224.471 337.425
233.423 337.197
240.016 335.377
245.328 331.988
161.799 282.641
173.31 273.15
185.619 269.997
195.256 279.597
185.981 284.904
173.685 285.638
241.271 275.587
248.514 265.133
258.391 262.63
266.062 269.894
261.415 276.4
251.127 277.518
200.484 371.508
212.929 364.051
223.968 357.73
236.371 356.69
243.288 353.833
250.451 355.628
257.136 358.944
253.211 367.742
246.837 374.347
237.465 378.344
224.39 379.681
211.704 377.139
222.741 366.306
236.815 365.139
243.799 362.863
243.745 362.41
236.055 364.793
222.63 366.855
