128.677 217.174
140.862 208.574
156.171 204.675
171.741 206.329
186.746 210.887
227.561 215.617
237.877 212.221
248.906 211.963
259.431 213.98
266.747 221.015
204.727 244.463
205.347 259.668
206.252 274.412
206.817 289.417
188.294 303.659
195.791 304.493
203.39 305.074
210.18 304.841
215.248 303.552
145.351 241.768
157.697 234.906
169.57 236.097
176.036 246.782
166.112 248.134
155.255 246.312
227.099 250.285
235.759 240.747
246.326 239.579
254.074 247.799
246.613 251.099
237.2 251.402
165.601 333.686
178.807 328.315
190.568 323.13
202.989 323.559
211.898 322.99
219.37 327.307
226.841 333.594
219.466 339.668
211.57 344.411
201.646 345.994
188.883 344.114
177.411 338.867
187.489 332.91
202.376 333.016
211.549 333.302
212.272 333.086
202.277 333.477
187.551 332.77
