178.569 217.451
188.452 208.289
201.128 204.778
214.828 204.689
227.922 207.51
255.013 210.847
258.319 206.813
263.3 204.226
267.574 203.349
271.515 205.672
242.898 234.809
248.89 247.278
255.806 259.553
262.146 272.118
237.783 291.082
245.749 290.524
252.311 290.15
254.901 290.07
257.642 290.346
194.235 236.895
203.308 231.823
212.748 231.187
217.77 239.233
211.321 242.093
202.116 241.326
250.886 238.273
256.763 230.768
263.807 229.19
266.539 235.882
263.906 239.942
257.575 240.473
221.092 323.006
231.657 316.932
242.768 311.582
254.717 309.643
260.333 309.119
263.925 312.354
262.377 318.778
261.281 323.869
258.161 327.465
253.565 330.057
242.29 330.26
231.828 328.012
244.906 320.251
253.586 320.106
256.143 319.892
256.321 319.539
253.286 319.849
245.138 320.66
