132.716 266.221
143.11 259.134
155.35 255.922
168.132 256.648
179.658 259.855
220.881 257.688
230.088 253.585
240.397 251.714
250.911 253.047
258.503 258.899
201.58 286.669
203.201 301.029
204.632 314.854
206.173 329.308
189.478 342.934
196.258 343.599
203.807 344.145
210.261 342.949
215.899 341.33
146.815 287.468
157.191 281.14
169.154 281.651
177.482 291.074
167.104 292.52
156.396 291.885
222.26 288.689
229.716 279.827
240.381 277.077
248.897 282.517
241.726 287.855
232.207 289.442
175.308 367.335
184.632 361.992
194.186 357.763
204.261 358.896
212.104 356.739
219.659 359.313
226.615 363.806
219.628 370.232
211.962 374.467
202.978 376.533
193.042 375.655
183.686 372.289
191.522 365.751
203.43 365.782
213.379 364.641
213.34 364.1
203.464 364.772
191.895 365.043
