83.4442 174.821
89.8492 169.905
98.1528 169.027
106.075 170.956
113.291 175.172
148.228 170.807
161.323 165.359
175.164 163.337
189.371 165.507
201.229 172.686
129.613 198.183
126.782 212.726
123.364 226.667
119.963 240.859
111.929 258.537
117.975 260.712
125 262.096
134.534 261.508
143.545 259.516
90.1962 199.889
97.6891 194.647
106.704 195.748
114.177 203.34
105.166 204.343
96.7942 204.186
157.343 202.969
164.809 193.711
176.035 194.132
187.601 199.895
177.059 203.694
166.409 204.766
106.124 291.311
108.873 284.091
115.99 279.769
123.315 281.431
136.955 280.81
149.285 286.732
161.018 293.443
150.315 300.775
138.612 305.741
125.911 306.823
116.958 304.804
110.87 299.041
116.602 290.505
124.315 290.817
139.257 290.992
138.983 292.542
124.567 292.932
116.328 291.757
