90.3371 175.851
94.3772 169.545
101.402 167.246
109.511 167.824
117.18 171.001
149.379 166.674
163.853 162.341
178.685 161.647
193.03 165.66
203.49 174.815
133.274 199.497
131.103 213.314
128.369 226.228
125.951 239.281
120.436 255.878
125.206 258.088
132.229 259.208
142.023 257.646
151.925 254.774
98.3395 202.583
104.356 195.567
113.605 196.15
121.454 203.997
112.684 206.984
103.879 207.295
160.112 201.509
167.113 192.283
178.289 191.714
188.826 197.821
179.956 202.774
169.745 203.753
116.364 285.494
120.136 279.712
125.384 274.416
132.763 275.378
144.822 274.571
155.875 280.408
167.131 284.812
157.212 290.2
146.304 293.345
135.066 294.517
127.974 293.899
121.567 290.966
127.94 282.093
133.624 282.355
144.38 282.222
144.039 283.041
133.681 283.145
127.868 282.709
