131.901 239.355
144.691 231.706
160.172 230.074
175.253 233.489
188.95 239.807
226.805 242.344
236.294 238.527
246.565 236.173
256.243 238.603
263.478 245.042
207.082 279.758
210.256 295.953
213.108 311.837
215.327 327.3
189.398 342.013
199.353 345.818
209.214 347.562
216.927 345.83
222.956 340.941
141.774 272.443
153.873 266.237
167.136 267.481
175 277.681
163.786 281.372
151.15 279.954
225.109 279.708
233.214 270.349
244.355 268.75
253.225 276.449
245.767 283.168
234.896 283.479
172.721 375.656
183.099 368.957
195.115 363.858
207.827 365.893
216.003 363.051
224.043 366.535
230.657 371.871
226.577 384.161
216.961 392.118
205.773 394.954
192.519 393.29
180.735 386.589
192.762 374.471
206.552 375.142
216.975 373.74
217.315 375.705
206.812 378.181
193.216 376.974
