80.1961 234.18
82.5158 232.434
85.6201 232.312
89.1456 233.624
92.0648 235.121
112.882 230.287
126.486 225.816
140.725 224.547
154.583 227.251
167.526 233.196
103.272 258.828
99.7821 270.408
95.2913 281.563
90.3302 292.958
92.3137 309.432
94.7028 310.103
98.3111 310.801
103.632 310.718
109.526 310.348
81.7966 261.615
84.7187 254.107
93.1214 255.291
100.264 263.03
93.4003 264.547
86.4051 264.944
127.967 258.662
133.096 248.349
143.696 248.739
154.341 254.107
145.076 258.306
135.555 259.705
92.4016 342.317
89.9513 336.512
92.9793 330.922
98.521 330.216
111.03 330.748
122.815 335.288
133.902 340.196
123.933 347.305
113.005 351.261
102.086 353.202
96.952 352.829
93.2054 348.558
96.6981 341.017
102.1 340.245
116.101 339.772
114.352 341.077
100.942 341.265
96.1744 342.03
