152.686 222.087
164.22 214.198
177.476 210.523
191.35 211.159
204.963 214.668
246.709 217.748
253.204 214.361
260.099 213.529
267.253 214.558
272.058 219.231
225.426 240.458
227.906 253.752
231.095 267.16
233.794 281.209
212.099 294.114
219.876 296.078
227.896 297.11
233.589 295.918
237.958 293.539
171.74 239.563
181.77 234.989
192.385 235.567
198.497 244.198
189.64 245.126
180.354 243.411
239.128 243.798
246.144 237.078
254.413 235.904
260.867 241
254.524 244.969
246.992 245.146
193.002 323.423
203.783 317.599
215.018 314.181
226.653 315.33
232.152 314.254
236.678 316.966
238.347 321.964
234.989 329.214
230.76 335.493
222.835 338.449
212.095 336.197
201.935 330.981
213.822 324.295
225.342 325.364
229.726 323.478
229.212 323.77
223.837 326.609
213.126 324.67
