179.354 231.567
189.805 223.532
203.008 219.468
216.302 218.099
229.038 219.629
251.797 221.503
256.583 218.413
262.637 217.126
268.059 218.59
272.651 222.303
243.207 252.986
249.597 264.966
256.835 276.082
264.097 287.421
240.773 309.705
248.617 309.579
255.428 309.419
259.391 307.658
262.205 305.644
194.36 252.903
204.455 247.753
214.464 246.642
221.162 256.104
213.295 258.17
203.704 257.156
252.038 256.076
258.493 246.801
266.135 244.671
270.714 251.583
266.584 256.052
259.513 256.672
222.471 343.144
233.49 336.322
244.801 330.297
256.396 328.986
261.106 327.2
264.599 331.484
263.155 338.754
263.74 345.716
260.5 349.392
256.002 351.519
244.522 352.495
232.848 349.916
241.498 339.399
254.971 337.264
259.611 337.089
259.262 338.706
255.031 339.325
241.825 341.081
