82.0564 231.373
85.4206 228.108
89.8316 227.564
94.6332 230.759
99.3084 235.322
121.246 232.327
133.501 233.643
145.107 236.374
155.647 240.624
164.617 246.535
110.773 267.512
105.619 282.774
99.8071 297.37
94.1807 312.391
94.9118 325.136
98.5894 327.75
102.442 329.026
107.928 329.428
114.721 328.53
91.0011 265.255
93.4013 257.965
101.067 260.721
106.931 269.257
99.6923 271.537
93.6925 270.473
131.423 273.061
135.608 263.372
145.261 264.997
155.908 271.664
146.104 275.641
137.161 276.38
96.2701 351.694
94.8274 347.727
98.121 345.205
104.111 346.082
115.134 348.218
124.152 353.559
131.729 360.739
123.653 364.606
113.735 366.749
104.39 367.318
99.567 363.781
97.1264 358.034
100.906 353.48
106.35 355.512
117.505 356.899
116.202 358.606
105.746 356.356
101.599 354.478
