178.258 234.488
189.268 225.512
203.523 222.364
217.842 223.201
231.199 226.408
252.527 233.458
258.579 231.898
265.543 232.33
270.943 235.899
274.834 242.63
242.147 257.226
247.825 269.853
253.62 280.475
259.217 291.659
239.415 310.328
245.613 312.12
251.528 313.691
253.851 313.243
255.646 311.479
195.885 257.244
205.306 252.36
215.823 251.433
221.741 261.034
214.008 262.337
205.089 260.883
249.721 266.778
257.696 260.61
266.298 260.55
269.767 267.526
264.185 270.142
256.94 269.385
227.973 339.544
235.088 332.17
245.008 327.199
255.831 327.604
262.243 328.468
264.461 334.976
262.644 340.86
262.394 347.774
258.894 352.921
252.872 354.753
243.005 353.065
234.803 347.322
240.939 337.011
253.18 337.161
259.178 338.804
258.502 341.658
252.649 343.159
241.041 341.35
