79.1032 228.186
90.3416 220.173
104.052 217.109
117.917 218.613
129.667 225.288
170.522 224.02
189.27 216.906
209.382 215.374
229.447 220.3
245.37 232.315
148.498 257.331
145.83 278.28
142.512 298.549
139.821 318.336
128.947 339.602
135.436 344.159
144.062 345.598
154.977 344.343
165.002 340.736
96.6559 262.199
105.466 253.814
118.035 254.921
126.029 263.74
115.99 267.257
104.945 267.161
182.483 263.647
191.48 252.627
205.5 252.124
218.935 260.204
206.303 265.688
193.654 266.209
120.641 375.778
128.256 371.12
136.459 367.718
145.439 368.92
160.94 368.014
175.844 372.207
191.033 376.502
176.873 386.77
161.556 393.365
145.705 395.154
135.131 392.642
126.56 385.439
135.436 377.174
145.44 377.376
163.346 378.259
162.793 379.258
145.134 379.584
135.282 378.533
