105.007 217.923
116.157 209.862
128.642 207.273
141.353 207.075
154.361 208.404
202.33 209.515
211.847 204.472
223.004 201.678
235.519 201.444
247.96 204.964
177.988 233.077
178.546 250.279
178.882 267.516
179.135 284.595
156.723 298.634
167.072 300.088
178.521 300.861
190.613 299.305
201.41 296.624
119.023 241.028
129.838 232.216
141.706 233.258
151.861 243.484
140.449 246.199
129.268 245.774
205.492 241.388
214.147 229.962
225.617 227.478
236.883 233.541
227.432 240.454
216.237 242.009
144.661 328.194
156.091 319.717
168.36 314.536
180.376 315.106
193.374 312.329
206.423 315.387
219.394 320.609
208.178 330.104
195.422 338.614
180.453 342.506
167.209 341.465
155.621 335.7
162.852 322.213
180.284 321.977
198.922 319.945
199.868 327.142
180.082 331.679
162.033 329.89
