83.0165 255.842
93.8527 249.383
107.746 248.619
121.793 251.186
135.627 254.692
172.776 256.194
190.79 251.799
208.587 249.702
226.308 252.323
241.177 260.862
153.346 279.052
152.437 294.985
151.341 310.812
150.267 326.647
136.632 338.877
143.855 341.747
152.404 342.789
161.598 341.778
169.761 339.542
97.5569 280.11
108.545 272.761
121.313 274.353
130.3 286.16
118.089 288.509
106.276 287.256
182.159 285.908
191.734 273.928
205.832 273.448
219.19 280.835
207.345 286.746
194.391 288.231
122.976 369.309
133.243 364.103
143.371 360.16
153.877 362.037
167.082 360.465
180.235 364.475
194.526 367.938
182.467 377.425
169.886 383.489
154.946 385.057
141.961 383.385
132.571 376.991
141.083 370.204
153.57 370.45
170.033 369.924
170.536 370.906
153.662 371.719
141.007 371.43
