152.116 183.551
163.25 177.067
176.352 174.196
189.961 174.989
203.417 178.219
237.261 183.578
242.795 181.596
249.072 180.427
255.339 180.754
261.185 183.102
223.957 204.424
228.609 215.914
233.678 226.783
238.466 237.571
214.2 258.377
222.978 261.228
231.158 262.684
236.524 261.802
241.01 259.443
169.821 208.133
180.506 202.267
190.801 201.855
197.464 209.031
189.07 210.901
179.715 209.868
236.424 212.631
243.703 206.407
251.638 205.673
256.698 211.429
251.531 214.828
244.216 214.131
198.823 288.754
209.734 282.981
220.71 277.75
232.22 277.974
239.053 277.108
244.415 282.343
246.041 289.652
243.158 296.066
238.138 299.389
232.234 299.746
220.801 299.03
209.344 295.166
217.615 287.036
231.542 287.155
237.597 287.691
238.49 288.592
232.779 288.121
219.073 287.97
