157.695 224.524
169.616 218.332
182.787 215.422
196.19 214.249
210.158 214.76
245.098 218.724
254.477 218.198
263 218.809
271.592 220.797
277.931 226.188
227.654 248.797
230.584 263.634
233.898 277.928
236.621 292.146
212.787 307.651
222.256 309.507
230.906 310.96
237.997 310.65
243.865 309.284
174.465 246.308
184.858 242.291
194.99 242.783
201.577 250.53
192.611 253.173
182.718 251.839
245.27 254.619
253.648 248.138
261.899 248.456
267.645 254.272
261.412 258.179
253.434 257.784
199.893 337.174
209.682 330.715
221.023 325.418
233.287 326.226
241.828 325.165
248.724 330.329
249.883 338.513
246.144 346.363
240.002 350.891
231.833 352.485
219.781 350.679
209.249 345.432
218.817 335.618
232.429 336.504
240.756 336.194
240.323 337.542
232.029 338.528
219.137 337.102
