124.879 167.406
138.839 160.106
154.844 157.809
169.899 158.936
184.114 163.426
222.058 163.467
233.12 159.252
244.859 157.916
256.871 159.441
266.937 165.045
206.004 187.395
208.014 202.686
210.308 218.083
212.3 233.144
191.8 252.736
200.765 254.843
210.362 255.723
217.997 255.088
225.219 252.762
143.054 190.921
154.792 184.055
167.546 184.695
175.826 194.425
164.78 196.679
153.565 195.457
228.662 196.322
237.05 187.086
248.831 184.877
258.355 192.425
249.836 197.897
239.151 197.888
176.779 286.663
187.343 279.186
198.732 274.347
211.464 274.871
221.295 273.986
230.408 278.691
237.446 286.73
231.055 295.653
222.391 301.449
211.539 303.545
198.403 301.78
186.651 295.848
197.836 285.24
211.065 286.145
221.714 286.126
222.273 287.171
211.229 287.67
197.411 286.161
