108.688 237.16
119.014 230.931
131.292 230.463
143.087 231.549
155.064 233.522
195.025 228.335
207.832 225.437
221.106 223.409
235.539 221.498
249.033 224.978
176.543 253.51
177.761 268.197
178.817 282.861
179.845 297.512
165.085 310.822
172.11 312.221
181.105 312.265
190.17 310.968
198.465 308.002
125.384 259.029
134.702 252.151
146.916 251.695
157.245 262.035
146.591 264.877
134.639 264.648
198.717 256.615
207.92 245.605
220.374 244.805
232.985 250.346
222.978 257.373
210.819 259.252
155.839 338.285
163.995 332.98
172.108 327.862
182.096 328.853
192.957 326.02
203.594 329.559
214.81 333.808
206.465 341.297
196.096 345.428
184.833 347.452
174.003 347.742
164.301 344.892
170.094 336.526
182.408 336.558
197.005 334.849
197.522 336.253
183.539 337.829
170.611 338.106
