98.9122 186.365
103.71 183.303
109.69 182.249
115.972 183.176
122.025 185.589
154.287 181.643
167.149 178.751
180.203 179.281
192.737 182.388
204.761 187.203
138.599 208.424
135.489 222.775
131.877 236.299
128.357 249.94
124.519 266.455
129.296 268.949
135.473 270.598
144.5 269.118
152.846 267.226
104.183 212.526
109.907 205.352
118.93 205.928
126.126 214.184
118.179 215.861
110.177 215.853
163.675 211.975
169.815 204.387
179.528 205.292
189.142 210.847
180.337 214.546
171.251 214.821
120.1 297.294
122.558 292.156
127.814 289.567
133.915 291.087
146.077 289.79
157.729 293.989
168.561 298.323
158.985 304.588
148.064 308.642
137.041 309.534
129.47 308.068
123.384 304.089
131.103 297.345
135.291 297.699
146.289 297.55
145.534 298.348
134.809 298.497
130.783 297.873
