104.94 228.707
117.287 220.432
132.119 217.722
147.024 218.847
161.321 223.127
196.784 222.585
210.78 218.906
225.354 217.988
239.722 220.663
251.668 228.604
179.27 251.046
179.427 267.693
179.527 283.922
179.545 299.553
160.649 318.304
169.803 320.576
179.532 321.194
189.295 320.1
198.103 317.416
123.597 255.398
133.707 249.62
145.905 250.296
154.564 258.055
144.206 260.461
133.557 259.347
204.987 257.968
212.791 250.138
224.685 249.605
234.933 254.893
225.208 259.356
214.861 260.058
145.991 353.415
156.068 345.185
167.71 339.302
180.121 339.686
192.563 338.737
203.893 344.139
213.895 352.29
205.07 363.261
194.215 370.205
181.156 371.997
168.032 370.574
155.974 363.845
166.207 353.069
180.5 353.421
194.408 352.711
194.936 353.474
180.872 355.092
166.464 353.801
