101.145 243.032
113.081 232.598
128.092 228.962
143.452 231.546
157.748 237.331
202.549 240.321
215.968 235.422
230.393 233.921
244.467 239.328
255.837 249.187
178.936 267.1
178.174 284.036
177.27 300.478
176.201 316.973
159.453 328.401
167.41 330.731
176.088 331.436
184.798 331.088
192.662 329.869
119.204 266.66
130.444 260.022
143.035 261.065
150.849 271.219
140.32 272.664
129.04 271.982
205.862 272.693
214.236 263.534
226.69 263.118
237.145 269.896
227.129 274.489
216.397 274.684
143.585 362.983
153.348 357.694
163.195 352.548
173.934 354.615
185.459 353.488
195.676 359.489
206.326 366.497
195.993 372.776
185.565 377.978
173.661 379.136
162.223 377.472
152.056 371.402
160.219 362.746
173.614 363.894
187.661 364.148
188.123 365.546
173.861 366.445
160.292 364.867
