95.6349 202.509
99.4418 201.154
103.095 201.719
106.636 203.44
109.163 206.178
135.172 203.328
149.044 202.016
163.115 204.067
176.582 209.339
187.057 218.243
121.412 235.084
115.863 246.818
109.873 258.265
103.577 269.889
103.461 285.967
106.768 288.346
111.209 289.879
118.848 289.744
126.445 288.072
96.0852 238.414
100.067 233.398
106.887 235.367
112.847 241.457
106.099 242
100.118 241.584
145.821 241.218
152.298 235.144
161.434 237.77
169.442 243.835
160.567 244.784
152.618 244.241
98.6658 313.378
97.506 305.061
102.683 300.154
109.101 302.218
122.212 303.927
134.166 309.926
145.816 317.501
134.741 324.361
121.537 327.944
108.485 328.554
102.453 325.53
98.5928 320.041
104.472 311.345
109.871 311.434
124.587 312.994
124.562 316.73
109.909 316.143
104.697 314.757
