92.6605 177.235
99.1045 172.228
107.332 170.196
115.39 170.931
122.182 174.645
153.92 171.587
166.534 167.851
179.888 168.025
192.427 171.675
202.761 178.676
138.459 197.214
135.127 211.12
131.367 224.41
127.546 238.012
117.431 254.57
122.642 256.978
129.492 258.268
139.12 257.84
148.53 256.121
98.6617 199.552
106.403 193.629
116.272 194.579
124.16 201.355
115.161 202.904
105.937 202.68
163.726 201.335
170.814 193.727
181.557 194.32
192.533 199.177
182.154 202.276
172.305 203.022
108.364 284.991
113.036 278.733
120.783 275.369
129.434 276.408
142.66 276.472
155.114 281.283
166.704 287.78
155.897 294.618
143.774 299.62
131.196 300.566
121.7 299.224
113.732 293.318
119.931 285.13
129.741 285.165
145.84 286.165
145.604 286.877
130.159 286.321
120.065 285.775
