130.433 208.189
141.734 203.869
153.735 202.588
165.686 204.325
177.677 206.44
216.765 204.5
226.289 200.861
236.332 199.115
246.48 198.926
256.253 200.801
200.182 231.687
202.402 247.674
204.699 264.43
206.758 280.715
187.604 292.814
195.587 294.631
204.998 295.647
212.736 293.855
218.813 291.173
138.951 231.003
151.362 224.132
165.11 224.443
174.873 236.247
163.38 239.027
149.643 238.25
220.84 232.881
228.847 221.794
240.449 219.516
251.178 225.067
243.602 232.774
232.143 234.635
171.382 320.298
182.707 314.763
193.289 311.034
204.108 312.495
212.984 310.399
221.236 313.267
228.995 317.512
222.072 325.195
213.849 330.876
203.701 333.123
191.907 332.38
180.753 328.032
190.281 319.748
204.037 320.204
213.698 318.772
213.202 320.482
203.464 322.421
190.009 321.839
