81.1787 193.454
87.9847 188.019
96.4226 184.813
104.998 184.131
113.452 185.952
153.485 184.537
169.709 182.46
185.264 184.371
200.483 189.218
213.966 196.377
133.091 220.017
129.75 236.789
126.402 253.227
123.13 269.661
119.957 284.753
124.202 286.517
129.771 287.298
137.594 286.983
145.753 285.808
94.5409 218.002
100.375 211.014
110.141 212.004
118.028 220.603
109.172 222.918
99.8684 222.837
161.564 221.491
168.268 211.7
180.049 212.393
190.715 218.759
181.553 223.061
170.828 224.574
117.198 314.545
118.848 308.141
125.062 304.932
131.837 306.265
144.409 306.358
155.568 312.728
166.425 318.139
157.918 325.617
147.643 330.291
136.185 330.827
127.783 328.037
120.919 322.569
127.728 315.385
133.59 315.822
145.364 316.836
145.498 316.959
134.57 316.373
127.687 315.525
