130.963 251.718
140.775 244.651
152.704 240.784
164.839 240.627
176.806 243.863
218.87 244.279
228.325 240.037
238.083 238.533
247.838 240.068
254.946 245.932
200.365 272.213
203.404 286.297
206.325 300.15
209.071 314.049
189.192 327.397
197.528 329.158
206.41 330.13
212.563 329.101
217.983 327.335
144.995 271.239
154.512 266.399
165.598 266.613
172.655 275.222
162.893 277.179
153.448 275.89
220.368 276.164
226.343 267.556
236.19 265.611
245.148 270.904
238.215 276.281
229.221 277.561
167.794 352.722
179.924 348.51
192.192 345.82
204.547 346.767
213.018 345.039
221.186 346.696
228.659 350.115
222.004 358.507
213.21 363.547
202.943 365.92
190.349 364.722
178.56 360.507
188.851 353.782
204.354 354.793
215.141 353.126
215.127 353.125
203.905 354.769
188.623 353.935
