91.2109 249.535
99.6719 242.738
111.248 240.564
122.767 241.773
133.079 246.977
183.96 247.192
197.706 243.766
212.397 243.865
226.674 247.606
237.86 256.263
156.385 278.577
154.994 296.034
153.333 313.837
151.925 331.583
138.11 345.016
145.78 346.415
153.319 347.092
163.131 346.833
172.763 345.131
102.151 277.274
111.329 270.119
123.24 271.74
131.081 280.962
120.729 284.054
109.796 283.71
185.644 284.004
194.726 274.347
207.613 274.672
218.663 281.532
208.465 287.45
196.465 288.071
123.529 368.432
131.243 363.131
141.593 360.17
152.508 362.076
167.65 361.374
182.285 366.637
196.732 371.57
184.836 383.268
170.531 390.143
154.227 391.777
140.443 388.547
130.401 379.959
141.08 369.97
153.196 371.407
170.786 370.746
171.261 375.659
154.238 376.772
141.713 374.408
