107.807 248.633
117.872 241.415
130.216 239.13
142.974 240.339
154.955 244.223
199.196 243.339
212.188 239.351
225.711 238.051
239.02 240.323
249.36 248.409
177.986 268.148
178.297 280.96
178.183 293.641
178.509 306.794
162.937 322.328
170.765 323.905
178.854 324.649
187.207 324.022
195.102 322.071
122.243 269.649
132.609 262.955
144.884 263.488
153.425 273.051
142.609 275.38
131.219 275.386
202.743 272.532
210.929 263.663
223.102 263.074
233.203 270.117
224.027 274.994
213.064 275.168
151.328 356.337
158.117 346.553
167.183 339.736
177.935 339.71
188.996 339.815
198.128 346.835
205.863 355.902
198.518 362.998
189.452 366.505
179.11 366.789
168.719 366.164
159.435 362.826
167.846 349.782
178.08 348.576
188.986 349.425
189.283 352.696
178.949 352.471
168.246 352.225
