123.559 245.278
134.595 237.918
147.596 232.048
160.468 230.197
173.753 231.556
220.292 228.204
228.941 224.031
238.395 222.131
248.284 223.368
256.236 228.278
202.069 255.41
205.805 272.13
209.939 288.919
213.942 305.757
191.863 321.563
201.713 322.748
211.795 322.419
219.253 320.423
225.757 317.086
142.311 263.661
152.562 256.262
164.564 254.754
174.267 262.143
164.422 266.013
153.009 266.594
220.183 258.847
226.874 250.52
237.242 248.188
246.256 252.676
240.153 258.765
230.31 260.16
174.356 349.943
187.203 345.7
199.212 341.229
211.633 341.411
219.688 338.817
227.706 340.404
235.275 342.589
230.533 352.639
222.415 359.612
212.037 362.703
198.07 363.034
184.684 358.355
196.325 350.662
211.576 350.263
221.871 348.068
222.234 347.516
211.743 348.972
195.659 350.621
