108.534 190.869
116.732 183.351
127.193 179.793
138.11 178.042
149.533 178.229
191.853 171.96
204.7 168.395
217.853 167.548
230.928 169.995
241.953 176.008
176.47 206.677
176.946 221.717
177.386 236.683
178.05 251.163
165.119 263.408
172.245 265.464
180.149 265.687
188.805 263.694
196.73 260.342
129.578 213.336
137.566 205.939
148.364 205.15
157.692 212.117
148.332 216.045
138.676 216.75
198.672 206.35
205.808 197.86
216.749 196.89
227.001 201.95
218.21 207.047
208.118 208.086
155.69 290.644
163.3 284.117
172.181 279.315
182.445 279.26
193.985 277.62
205.691 279.989
216.383 284.345
207.218 293.251
196.894 299.636
185.098 302.432
174.089 302.626
163.903 298.021
171.989 287.617
183.149 286.749
196.494 285.285
196.43 286.732
183.61 288.945
172.381 289.498
