174.827 207.27
185.894 200.287
197.924 197.186
210.874 196.663
223.208 199.166
258.087 203.527
263.19 200.676
267.966 199.696
273.556 201.02
277.693 206.054
243.845 240.038
250.294 254.652
256.968 268.931
263.195 283.552
237.533 300.805
244.756 302.232
251.288 302.865
255.903 301.431
260.012 298.683
187.206 237.115
199.383 231.908
209.962 231.082
216.467 239.756
208.291 242.427
197.139 241.282
253.757 239.377
261.333 232.529
269.511 231.497
272.637 237.378
269.638 243.287
261.107 242.316
219.497 331.958
229.512 324.646
240.146 318.544
251.151 318.565
256.214 317.143
260.104 321.585
258.344 328.923
257.806 336.035
254.074 341.215
248.562 343.164
238.223 342.949
227.656 339.158
238.361 328.214
249.393 327.859
253.802 327.308
252.946 328.063
248.608 328.727
237.671 329.065
