86.3089 197.442
90.9555 196.67
94.7402 197.688
98.7133 199.959
100.834 203.782
119.107 202.601
134.575 201.434
150.161 202.134
164.633 207.325
175.516 218.204
104.545 239.889
96.0705 253.52
87.0346 266.321
78.4355 279.074
82.1631 298.352
86.203 300.696
90.9903 302.085
96.5445 302.196
102.69 302.041
80.4819 235.006
83.975 227.795
92.5846 231.159
99.2714 240.724
91.0724 241.525
84.0553 239.439
125.354 241.746
133.312 232.59
145.916 235.407
157.171 242.556
145.529 245.642
133.872 244.919
81.6072 326.691
78.6317 321.824
79.7297 318.31
84.5531 318.774
97.2334 322.4
108.071 330.629
119.703 337.179
107.932 339.422
96.4224 340.833
86.5193 340.096
82.4447 336.569
80.763 332.436
85.3838 327.311
88.4065 327.673
98.2838 329.982
95.9297 331.002
87.2082 330.76
85.9391 329.091
