187.966 219.862
198.961 210.632
212.457 206.916
226.234 208.626
240.039 213.213
260.813 214.757
264.789 207.364
270.681 202.013
276.993 198.179
283.309 198.274
251.371 236.035
256.571 250.374
262.08 263.342
267.274 276.975
242.802 292.054
251.328 293.247
258.414 293.437
262.774 291.333
266.649 288.066
199.578 243.849
209.498 238.28
219.933 236.099
226.762 241.763
220.12 246.544
210.059 246.841
259.742 237.344
265.899 230.776
274.304 227.439
278.279 230.576
275.595 237.382
267.989 239.067
222.834 321.087
233.242 313.78
244.775 308.238
256.336 307.553
262.557 305.085
267.436 306.92
268.307 310.053
266.532 318.655
262.244 325.436
255.542 328.664
244.585 330.359
233.276 327.546
240.198 316.832
253.942 315.201
260.461 313.255
260.435 314.718
254.512 317.151
241.538 319.189
