90.9298 188.161
95.7362 182.553
103.424 180.452
111.748 180.75
119.91 182.224
164.261 184.463
176.722 183.824
189.092 183.567
200.604 187.472
209.351 195.174
138.09 214.976
134.315 229.393
130.061 242.964
125.891 256.603
122.516 275.104
127.165 276.675
133.533 277.543
141.666 277.062
149.274 275.522
99.9009 218.289
106.633 211.644
115.705 212.784
122.98 220.983
113.849 222.154
105.576 221.756
165.226 220.692
171.499 211.343
181.581 210.8
192.39 217.073
182.905 220.857
173.16 221.658
117.846 305.181
122.522 298.228
129.243 295.55
136.096 297.388
147.907 296.259
159.09 299.808
170.69 304.169
160.118 311.054
148.472 315.317
135.633 316.032
128.383 314.764
122.535 310.713
129.807 304.415
136.325 304.912
149.304 303.961
150.127 303.887
136.476 304.681
129.445 304.206
