176.555 209.82
188.186 204.008
200.95 202.237
213.689 203.546
225.814 207.337
251.344 210.052
255.207 207.318
259.571 204.823
263.623 204.362
267.499 206.762
242.242 235.883
248.515 248.944
255.102 261.156
261.448 273.863
235.288 288.383
243.555 290.782
251.156 291.669
254.666 290.022
257.941 286.489
190.08 237.08
199.73 232.549
209.847 231.306
215.176 239.547
208.31 242.353
198.917 241.112
248.046 240.345
254.013 233.802
260.859 232.462
263.038 237.756
260.36 241.727
254.989 241.948
212.505 315.744
224.416 310.466
236.771 305.792
249.841 305.823
254.771 304.396
257.94 308.749
254.859 313.56
254.397 318.97
252.852 324.601
248.454 328.12
235.687 327.811
223.722 323.355
231.878 314.639
247.789 314.516
252.598 314.017
252.811 313.09
248.178 314.414
232.33 315.065
