165.244 200.13
175.215 194.966
186.735 191.714
198.803 190.185
210.733 190.448
245.049 188.052
251.356 185.481
257.495 184.307
263.958 184.808
268.672 187.943
231.377 219.387
236.261 233.421
241.404 247.385
245.661 261.231
223.668 275.957
231.305 276.885
238.681 276.983
244.602 274.955
249.013 271.718
183.403 224.797
193.39 218.785
202.884 217.379
209.632 223.195
202.905 227.845
193.161 228.139
242.021 218.833
248.479 212.349
257.046 209.841
262.905 214.135
258.782 219.903
250.621 220.113
201.516 301.344
212.614 295.13
223.803 289.766
235.837 288.973
241.926 286.759
248.422 287.884
251.522 292.676
248.658 300.189
243.041 307.251
235.806 310.097
224.28 310.75
211.751 307.785
221.865 298.07
235.272 295.619
242.146 294.13
242.001 295.511
234.642 297.603
221.352 299.471
