92.1412 210.657
101.247 203.869
112.595 201.057
124.363 201.51
135.83 204.711
170.094 203.633
184.614 199.192
199.514 197.302
214.654 200.065
228.226 206.347
152.463 226.889
151.237 242.226
149.77 256.551
148.681 271.133
137.722 289.76
143.842 290.826
151.093 291.479
159.855 290.693
167.946 288.911
105.602 233.429
113.503 226.529
124.792 227.166
133.409 234.972
123.368 236.957
113.6 236.924
181.092 234.307
188.352 224.78
200.648 224.158
212.493 230.797
201.624 235.447
190.546 235.995
126.131 322.273
132.204 314.038
140.359 308.707
149.549 309.74
162.06 309.113
173.463 314.675
185.013 321.746
173.993 328.153
162.255 332.857
150.111 334.487
140.851 332.738
132.39 328.654
139.816 317.531
149.835 317.593
164.132 318.044
164.24 319.801
149.952 319.79
139.381 319.594
