182.405 217.006
192.928 209.794
204.829 205.948
217.268 207.355
228.601 212.158
254.825 212.408
259.176 208.382
264.016 206.061
268.425 204.47
272.244 205.866
242.825 240.429
248.128 251.26
253.077 261.628
257.789 272.537
235.574 290.944
242.833 292.143
248.789 292.472
253.339 291.253
257.302 288.389
195.774 238.936
206.496 234.26
216.381 233.543
220.644 241.366
213.31 244.825
204.324 243.486
250.336 240.906
257.755 233.583
265.913 231.032
268.55 236.171
266.23 242.456
258.913 242.394
215.494 317.945
226.055 311.707
236.987 307.004
248.827 305.816
255.164 305.157
259.521 308.81
258.657 313.897
256.179 319.094
252.622 324.852
247.104 327.452
235.819 327.419
225.633 324.083
233.51 315.767
246.953 314.603
252.678 314.646
252.843 314.523
247.93 315.111
234.362 316.307
