95.7141 157.472
99.6102 159.39
102.64 163.128
104.535 168.511
105.851 172.117
130.424 169.423
143.354 166.316
156.32 165.984
168.294 170.111
178.565 178.308
117.142 191.517
111.195 204.507
104.408 217.347
97.5958 231.394
97.4383 247.063
101.229 248.085
104.89 249.349
111.239 249.395
119.332 249.078
93.2446 191.43
97.8784 187.183
104.902 189.821
111.417 197.078
103.883 198.875
96.759 196.815
140.757 199.66
146.653 191.976
156.169 192.819
164.865 196.991
157.052 202.16
147.619 202.591
95.9093 270.218
95.0384 263.606
99.1454 260.923
105.247 261.014
119.308 263.738
132.247 268.329
144.184 275.945
131.373 283.047
117.693 286.261
104.305 285.476
97.6265 282.401
93.8653 277.342
100.831 270.388
106.41 271.478
121.456 273.323
120.47 276.835
105.53 275.643
100.513 274.145
