156.304 202.163
165.738 196.873
176.897 193.967
188.541 194.125
199.614 197.087
233.577 199.469
239.433 197.035
245.04 195.645
251.535 195.748
256.926 200.126
218.258 224.502
221.936 237.151
226.59 249.229
230.986 261.658
209.185 277.502
218.023 278.835
226.109 279.286
230.456 278.631
233.896 276.672
170.054 226.384
179.148 221.526
188.474 221.885
193.636 229.811
186.6 232.477
177.431 231.277
229.319 230.976
235.291 224.249
243.474 223.016
249.966 229.178
243.889 233.362
236.272 232.928
189.337 302.943
200.55 298.233
211.213 294.462
222.622 294.787
228.813 293.248
234.93 296.02
237.098 302.127
234.451 309.301
228.582 312.945
221.694 314.084
210.38 313.389
199.349 309.901
209.797 302.031
221.855 302.153
227.944 301.654
228.283 302.477
221.886 303.393
210.021 302.322
