94.7643 229.748
103.168 223.527
113.694 221.351
124.175 221.697
134.299 223.93
174.636 218.135
190.161 215.286
205.819 215.179
220.721 220.313
232.124 230.377
154.214 248.926
153.508 262.701
152.396 275.811
151.927 288.824
139.524 307.686
146.377 309.232
154.268 309.464
163.549 308.717
171.981 306.876
107.761 254.004
115.462 248.098
125.951 248.297
133.909 254.903
124.979 257.235
115.67 257.479
181.797 253.45
189.362 245.338
201.083 245.017
212.537 250.247
202.069 254.149
191.497 255.124
128.245 338.422
135.383 329.919
144.159 324.503
154.049 324.978
166.959 324.615
179.223 330.491
191.355 338.307
180.665 346.849
169.117 352.29
155.813 354.134
144.962 352.393
136.021 347.079
144.589 337.37
154.584 337.336
169.327 336.817
169.263 337.451
154.729 338.848
144.306 337.837
