159.067 179.708
168.361 173.268
180.203 170.037
192.587 169.577
204.348 172.258
236.767 176.084
244.74 174.379
252.875 173.731
260.362 175.283
266.491 179.743
222.215 202.578
226.395 215.813
231.217 228.884
235.229 242.183
213.462 261.64
222.255 263.116
230.82 263.588
236.301 262.846
241.043 261.172
169.466 205.005
179.255 200.028
189.727 200.105
197.425 208.631
187.677 210.326
177.821 209.299
237.834 209.714
244.621 202.731
253.647 201.734
260.595 208.675
253.911 212.162
245.817 211.935
194.729 290.87
206.593 284.881
218.315 279.182
231.073 279.061
237.869 277.929
244.146 281.872
247.049 288.272
243.751 295.926
238.015 300.53
230.755 301.855
218.234 300.629
206.777 296.609
217.664 288.852
231.217 288.341
237.811 288.301
237.84 290.381
231.208 290.996
217.673 290.532
