153.842 208.978
163.164 200.178
176.175 196.547
190.18 197.664
202.982 202.525
236.215 205.71
244.259 202.315
252.48 201.132
260.51 203.205
265.401 209.434
221.773 233.512
226.123 248.565
231.131 263.76
236.095 278.798
214.423 292.842
223.196 294.051
231.039 294.175
236.783 292.968
240.993 290.543
164.58 235.408
177.348 227.341
190.066 227.307
197.546 238.24
187.473 241.245
175.746 240.012
235.564 239.003
243.945 229.12
254.41 227.398
262.316 234.387
256.328 240.322
246.243 240.619
194.213 320.6
205.497 315.191
216.779 311.168
228.892 310.724
235.479 310.646
242.144 312.59
246.779 316.793
242.714 326.313
236.574 333.12
227.917 335.872
215.506 334.783
204.225 329.18
214.675 320.884
227.927 320.291
235.2 319.996
236.177 321.157
228.585 322.378
214.84 322.218
