86.1 190.341
89.5532 194.499
91.3749 196.576
92.9538 200.378
94.155 203.476
113.127 197.553
128.808 193.736
144.964 192.488
160.423 198.186
174.939 210.049
102.54 230.627
98.6123 248.929
93.0158 266.111
86.5327 284.103
84.7187 307.046
91.3772 309.173
98.4412 310.319
106.769 309.807
115.625 307.722
82.7408 231.663
87.3177 225.772
96.2276 227.906
101.763 235.956
94.0264 239.645
86.1961 238.665
126.458 236.219
133.943 225.887
144.486 227.249
156.147 233.55
144.824 238.19
134.492 238.226
85.1738 342.379
86.6492 336.138
91.1733 332.924
96.3513 333.038
110.944 334.683
123.913 338.813
135.289 344.021
123.774 347.588
110.602 346.552
99.5358 345.289
94.1413 345.523
88.0839 345.88
92.3032 339.553
98.2028 339.775
114.017 341.706
113.136 340.996
97.3907 338.099
91.9818 339.476
