179.438 253.215
191.457 245.833
205.033 241.739
219.314 241.335
232.77 245.116
257.723 246.008
262.994 241.726
269.071 239.441
275.482 238.654
280.54 241.718
247.006 274.012
251.78 286.005
256.555 297.671
261.516 309.474
239.081 327.464
246.85 329.756
254.643 330.454
259.084 328.346
261.76 324.416
193.072 274.652
202.359 268.408
212.779 266.834
218.21 274.574
211.574 278.324
202.236 278.01
257.09 272.138
263.17 264.393
271.123 261.745
274.682 267.436
272.216 273.192
265.072 273.423
221.838 359.013
231.316 352.347
242.214 346.52
254.719 345.839
259.698 344.598
264.076 348.041
264.236 353.56
261.324 358.199
257.741 361.848
252.679 364.026
242.133 364.322
231.723 362.869
242.24 354.055
253.835 353.15
257.147 353.275
256.816 353.068
252.701 354.061
241.62 355.136
