177.84 253.161
187.269 245.76
199.391 241.814
212.101 241.875
224.166 244.578
254.191 247.854
258.451 244.115
264.446 242.619
270.223 243.48
274.391 246.801
242.014 279.365
246.829 292.022
252.046 303.647
257.249 314.958
234.138 334.538
242.139 335.731
250.007 335.996
254.744 334.416
258.092 332.335
192.277 281.607
201.683 276.454
211.932 274.781
219.811 281.695
212.177 285.999
201.722 285.969
252.591 281.77
259.69 273.158
267.737 271.521
272.469 277.049
269.456 282.347
261.393 283.584
222.895 365.136
231.531 357.268
241.66 350.962
253.446 349.774
259.085 348.332
264.073 352.793
264.656 359.919
263.582 365.848
260.154 370.714
254.62 373.663
243.307 374.784
232.518 371.313
241.219 360.255
253.048 358.975
257.596 358.966
258.464 359.615
253.691 360.971
241.647 362.159
