92.628 151.326
97.2821 149.855
102.369 149.492
107.742 151.518
111.823 153.983
136.937 150.477
149.848 147.781
163.123 147.182
176.376 150.322
187.625 158.185
119.177 179.564
113.488 193.662
107.242 206.844
101.1 220.315
100.989 238.292
103.628 239.917
107.19 240.805
114.795 240.777
122.653 239.899
91.8877 183.038
97.4819 176.316
105.994 177.728
113.138 185.722
104.627 187.717
96.7718 187.466
144.268 184.145
151.799 175.578
162.477 176.212
173.391 182.051
163.562 186.297
152.935 186.467
95.7547 268.119
97.1994 262.311
101.298 258.792
107.103 259.713
119.24 260.516
129.702 264.714
140.099 269.068
129.727 274.018
117.675 275.349
106.745 275.414
101.797 274.315
97.616 272.454
103.772 266.429
107.387 266.851
119.241 267.457
117.882 268.533
106.029 267.591
103.261 267.564
