103.492 193.345
115.679 185.117
130.743 181.616
146.192 183.502
160.499 189.341
192.801 187.164
207.456 181.126
223.464 177.56
239.654 179.167
254.369 185.258
178.525 218.979
178.699 234.715
178.957 250.093
179.01 265.61
162.972 281.823
171.235 283.415
179.964 283.968
190.226 282.493
199.702 280.189
118.012 221.428
129.61 215.376
142.308 216.905
151.581 225.516
139.627 227.354
128.208 226.832
206.438 222.107
215.24 213.269
227.894 211.048
239.538 215.183
230.052 222.019
217.852 223.389
147.692 315.676
158.138 308.009
169.44 302.549
181.86 302.861
196.362 301.406
209.877 305.647
223.628 311.566
211.065 320.969
198.033 326.925
184.059 328.894
171.007 328.36
158.54 323.774
168.843 314.475
182.913 314.157
199.595 312.432
199.705 313.614
183.21 314.935
168.529 315.337
