181.474 246.556
195.276 238.739
210.612 235.728
226.525 237.004
242.277 240.073
268.625 250.895
273.289 245.581
278.933 241.124
285.064 237.086
291.279 235.815
256.407 277.426
261.544 293.452
267.711 308.026
273.538 323.086
244.589 342.343
253.29 344.759
260.762 345.9
265.833 344.631
270.244 341.838
197.186 275.715
209.842 270.498
221.842 269.464
228.193 278.944
220.724 282.523
208.745 281.715
260.64 279.791
268.55 273.241
278.352 270.382
282.955 275.811
279.114 282.4
270.152 283.195
227.015 373.961
237.568 366.871
249.272 361.294
262.452 360.389
268.556 360.054
273.011 363.033
272.751 369.207
270.878 375.403
267.35 381.509
261.016 384.712
248.919 383.415
237.592 379.379
246.374 370.013
260.637 369.488
266.404 368.826
266.79 369.976
261.701 371.056
247.496 371.607
