152.445 193.662
163.827 186.697
177.565 183.314
191.519 184.143
204.903 187.404
239.735 188.816
246.445 185.727
253.402 184.042
260.475 184.914
266.784 188.023
224.933 217.501
229.074 229.633
233.514 241.405
237.489 253.138
217.509 271.089
225.697 272.358
233.611 272.672
238.032 271.848
241.627 269.561
168.201 218.312
179.431 212.283
191.067 211.925
198.612 221.178
189.111 225.05
178.097 223.948
240.196 220.092
246.781 211.887
255.318 210.357
261.269 216.293
256.821 221.972
248.815 222.237
194.051 297.356
206.699 292.655
218.104 287.067
230.809 286.442
237.233 284.928
243.01 288.587
247.477 293.051
244.18 301.69
239.364 309.212
231.126 312.674
217.082 311.874
204.82 305.599
216.821 296.51
230.095 296.255
236.285 295.429
237.009 295.531
230.995 297.107
217.089 296.678
