148.386 200.968
160.184 190.459
175.534 184.576
191.605 182.95
207.462 185.318
245.28 180.135
253.003 176.168
260.822 174.63
268.638 175.084
275.572 178.809
232.857 220.437
239.189 237.02
245.604 253.253
251.422 269.763
226.449 286.446
236.996 288.563
247.083 288.572
253.894 285.63
258.685 281.081
173.142 225.132
183.683 217.973
195.779 216.702
204.402 224.805
195.475 229.592
183.443 229.887
247.568 220.525
254.842 210.683
264.547 207.111
272.818 212.77
267.24 219.641
257.446 221.447
209.866 317.512
221.434 311.193
233.424 306.081
246.957 304.583
253.999 302.689
260.854 302.992
266.181 305.662
262.198 314.081
256.747 322.127
248.653 326.591
235.234 327.181
222.066 323.541
232.898 314.714
247.306 312.434
255.14 309.935
255.22 311.238
247.509 314.313
232.889 315.99
