108.294 268.862
119.439 261.36
132.988 260.263
146.16 261.517
158.156 266.759
200.465 268.819
213.992 264.46
228.178 264.687
241.49 269.435
253.093 277.147
177.263 292.2
176.146 308.784
174.671 325.457
173.163 342.387
157.669 356.928
164.992 358.76
173.109 359.984
182.389 359.555
191.488 357.871
120.828 290.318
132.628 285.248
145.408 286.796
152.006 297.401
141.05 299.728
129.4 298.176
204.979 299.702
214.204 289.639
227.442 289.212
239.206 295.502
229.041 302.262
216.883 302.797
140.783 386.29
149.885 379.068
161.161 375.422
172.975 377.389
185.048 376.303
196.81 380.992
206.934 389.05
198.068 398.094
186.359 403.384
172.884 404.252
159.971 402.529
149.231 396.49
160.996 386.772
173.021 387.83
185.452 387.37
185.811 388.723
173.38 388.899
161.05 387.712
