87.4289 217.245
93.9713 216.645
101.041 218.549
107.825 221.029
114.161 223.949
146.599 216.649
159.011 213.679
171.013 210.63
184.356 208.227
196.477 208.797
131.962 244.519
132.072 258.126
131.209 271.072
130.222 283.984
124.192 297.886
129.327 300.042
134.561 300.774
143.92 299.684
152.755 296.768
99.2534 246.976
106.007 242.605
114.087 242.052
121.791 249.307
113.83 252.24
105.546 251.38
155.774 244.717
163.218 235.757
174.084 234.858
184.15 239.266
175.272 245.27
165.102 247.512
120.771 327.571
121.8 320.662
127.56 316.139
135.256 316.87
146.597 315.354
158.212 319.422
169.166 323.826
160.48 331.299
149.985 334.606
138.967 335.682
131.651 334.825
125.9 331.947
129.422 325.742
136.36 325.448
150.14 324.474
149.683 326.059
136.665 326.482
129.427 326.556
