89.7028 242.205
99.3591 235.685
111.67 234.601
123.76 237.057
134.544 242.211
177.415 245.149
191.742 241.739
206.281 241.358
221.18 245.261
232.382 255.281
151.579 273.495
149.885 289.638
148.067 305.588
146.324 321.785
131.971 334.696
138.464 336.916
145.816 338.335
155.006 338.692
162.829 337.88
100.009 271.118
110.229 264.945
121.301 267.296
128.824 276.532
118.418 276.866
107.88 275.85
182.059 280.622
191.361 271.28
204.724 271.651
216.892 280.259
205.152 282.476
193.082 282.993
115.103 362.696
125.15 358.573
134.93 355.463
144.655 357.053
157.108 357.36
168.841 362.495
182.221 368.126
169.774 374.248
156.616 378.176
142.767 378.965
131.721 376.79
122.86 370.431
131.663 364.264
143.372 365.461
160.515 366.764
160.899 367.242
143.61 366.464
131.185 365.273
