85.876 221.493
94.7938 213.124
106.739 211.54
119.072 214.061
129.571 221.273
171.439 220.236
188.069 214.609
206.183 214.685
223.067 221.377
236.034 233.825
149.347 250.443
147.241 272.082
144.841 293.067
142.815 313.859
130.535 326.179
137.287 329.982
145.533 331.165
156.786 330.213
166.754 327.144
97.3133 251.963
107.043 245.571
118.301 247.245
125.724 255.626
115.568 257.755
105.561 256.849
181.839 258.524
191.765 249.36
204.994 249.207
216.189 255.404
205.303 261.306
193.109 262.282
122.887 358.479
129.904 350.786
138.637 346.594
147.666 349.123
161.407 347.832
172.827 354.175
182.91 361.867
172.875 370.268
160.945 375.198
147.698 375.809
137.379 373.52
128.915 367.163
136.729 358.246
147.601 359.489
163.755 360.294
162.883 361.196
147.581 360.843
136.704 359.283
