104.047 157.25
116.3 149.537
131.402 147.551
146.253 149.424
160.807 153.775
194.769 151.472
208.105 147.156
221.87 145.151
235.799 146.464
247.508 153.194
178.979 180.384
179.819 193.211
180.575 205.839
181.429 218.729
164.878 236.942
172.489 237.42
180.941 237.399
188.741 236.78
196.08 235.601
120.882 183.191
131.737 175.529
144.392 176.566
153.534 185.844
142.482 188.736
130.838 188.019
202.924 184.229
210.681 175.131
222.568 173.337
232.727 179.999
224.313 185.693
213.522 186.623
147.958 268.789
158.169 261.215
168.861 254.964
181.315 254.299
192.471 253.435
202.345 259.141
210.378 267.154
202.183 275.824
192.859 282.041
181.136 284.962
168.428 283.548
157.416 277.69
166.49 265.367
181.549 263.896
194.981 264.099
194.22 268.915
181.046 271.294
166.002 269.954
