94.8062 175.201
101.848 172.117
109.069 171.373
115.865 172.552
122.295 175.077
155.605 172.638
166.718 169.391
178.464 167.888
190.285 169.593
200.781 175.651
140.502 200.887
137.732 212.509
134.788 223.916
132.374 235.086
126.812 251.451
131.837 253.665
137.134 254.233
144.323 253.145
151.63 250.62
102.129 199.957
108.912 195.225
116.994 195.496
124.546 201.21
116.669 202.924
108.648 202.727
165.311 200.73
171.615 193.373
181.108 193.051
190.645 197.378
182.252 201.054
173.438 202.059
116.182 278.722
121.457 273.705
128.327 270.717
135.919 271.891
147.316 270.729
158.167 274.272
168.729 278.576
159.331 285.598
148.28 290.037
136.741 290.754
128.516 289.894
121.354 285.698
129.987 279.514
136.139 279.33
146.332 278.987
146.61 278.837
136.481 279.001
129.963 279.436
