72.1459 164.323
78.491 161.265
85.3247 160.231
92.3565 162.07
97.3362 167.077
121.063 162.847
136.817 161.015
152.787 163.549
166.555 170.512
178.296 180.676
104.009 192.537
95.2052 208.769
85.7196 224.577
76.8387 241.261
75.151 261.071
81.5689 265.323
88.9891 267.859
97.0987 268.205
106.696 266.444
75.7453 195.894
79.6046 187.567
89.1196 190.537
95.2332 199.811
87.5008 201.66
79.4172 200.936
132.456 201.164
139.678 193.249
151.598 195.446
163.098 203.16
151.872 205.314
140.185 204.739
76.9903 295.332
75.465 288.177
80.0046 282.933
88.3223 284.332
103.098 287.782
115.897 294.9
127 304.259
115.47 313.127
101.81 318.27
87.8309 318.609
80.4175 313.478
76.9294 304.19
83.2378 292.246
90.4774 292.905
104.595 296.861
104.015 306.28
89.6222 306.691
82.8674 300.873
