172.92 232.398
182.913 222.839
195.299 215.874
209.399 213.818
223.462 215.599
253.879 220.866
260.729 219.472
267.081 220.155
272.965 225.206
275.578 232.366
237.67 248.033
241.95 261.599
246.585 274.663
251.576 288.195
229.335 305.814
236.632 306.048
243.898 306.318
248.871 305.292
251.687 304.088
187.273 252.234
198.777 245.521
210.245 244.742
215.336 254.953
207.734 257.307
197.366 256.18
245.339 253.502
252.198 244.893
261.056 244.2
265.526 251.205
260.845 254.771
253.484 254.88
207.73 334.769
220.495 329.438
232.788 325.525
245.326 326.253
250.178 323.868
252.834 326.229
251.301 331.302
249.247 337.61
245.211 342.771
238.712 344.873
227.586 344.144
216.335 341.149
227.838 333.376
241.945 333.291
245.891 332.046
244.453 333.133
239.874 335.103
226.845 335.344
