135.093 222.341
145.379 215.809
158.181 211.877
171.19 212.289
183.381 216.558
216.385 216.293
226.273 211.536
237.068 209.431
247.728 210.995
256.237 217.166
199.883 243.6
201.245 259.091
202.803 274.49
204.194 290.105
185.933 302.612
193.389 304.644
201.709 305.458
208.673 304.471
214.173 301.788
148.54 243.685
158.172 238.517
168.716 238.644
176.507 247.436
167.293 249.781
157.246 249.024
217.678 245.624
224.416 237.498
233.659 236.28
242.633 241.509
235.615 247.108
226.239 247.831
166.84 327.235
178.074 322.921
188.914 319.003
200.153 320.656
208.583 318.543
215.956 321.712
224.251 324.91
218.736 333.741
210.022 339.648
199.437 341.08
187.49 340.626
176.247 335.87
186.368 328.331
199.58 328.592
209.495 328.049
209.506 328.757
199.95 329.79
186.595 329.649
