83.9923 211.824
88.6837 209.288
93.2276 208.782
97.998 210.177
101.969 212.047
129.022 204.949
144.143 202.241
159.531 201.916
173.876 207.083
185.568 216.442
114.05 237.894
108.909 249.81
103.411 260.839
97.9474 272.28
97.5128 290.415
102.012 292.788
107.171 294.442
114.878 293.957
122.467 292.089
88.9977 241.329
92.3028 234.587
100.425 235.179
105.919 242.991
99.295 244.217
92.9513 244.395
140.252 240.335
145.691 231.383
155.741 232.273
166.189 237.372
156.746 240.358
148.004 241.967
94.7774 324.541
93.0453 316.796
97.5207 310.15
104.967 310.31
118.199 311.517
130.601 317.992
142.999 325.033
131.698 332.656
119.541 337.494
105.966 338.838
100.029 336.216
96.0124 331.099
99.9632 323.878
106.441 323.879
123.028 324.274
122.879 324.384
106.331 323.889
100.079 323.315
