99.7291 138.61
108.016 132.426
117.952 129.342
128.27 130.36
137.956 134.259
172.479 131.95
186.325 126.43
201.054 124.044
215.641 127.857
227.967 135.466
153.793 159.408
151.777 172.031
149.352 184.499
147.434 197.125
138.937 220.033
144.484 219.542
150.334 219.038
158.984 219.052
167.267 218.988
110.163 167.249
117.372 161.164
126.947 161.23
134.576 167.421
125.86 168.709
117.624 168.868
183.872 164.065
190.94 157.184
201.29 156.044
211.158 160.301
202.09 163.911
192.704 164.662
127.519 252.966
132.96 244.532
140.887 239.474
151.034 239.608
164.698 239.147
177.293 244.261
189.308 251.11
177.423 258.548
164.889 262.45
151.958 263.609
142.973 262.636
134.622 259.813
142.405 251.736
152.243 251.56
167.063 251.136
166.582 251.42
151.648 252.075
142.042 252.003
