110.572 247.36
118.97 239.248
130.85 235.488
143.7 235.399
155.782 238.516
198.463 234.54
210.381 230.034
222.838 228.421
234.732 231.385
243.298 238.764
178.104 262.416
178.399 276.498
178.51 290.841
178.542 305.364
166.393 320.028
172.486 321.253
179.019 322.102
186.445 320.755
193.326 318.601
123.386 267.3
133.182 260.608
145.333 260.771
155.021 267.687
144.514 271.297
132.976 271.606
200.934 264.861
208.976 257.016
220.748 255.107
231.058 260.59
222.351 265.987
211.268 266.831
152.939 352.853
161.191 345.844
170.347 340.26
180.582 341.007
191.653 339.339
202.414 343.665
212.035 349.879
202.231 356.193
192.155 359.236
181.699 360.118
171.776 360.025
162 357.695
169.331 349.205
180.919 349.031
194.154 348.087
193.448 348.546
180.958 349.435
169.718 349.418
