79.1434 201.177
84.3879 198.849
89.2183 200.078
93.7681 201.801
97.7313 205.146
119.638 198.107
133.329 195.141
147.116 194.87
160.273 199.061
170.518 207.683
107.577 233.145
101.261 245.658
94.372 257.068
87.4826 268.979
89.2317 286.847
92.221 289.054
96.0506 290.709
104.513 290.329
112.575 289.626
82.1305 235.431
84.8967 227.921
92.5088 229.793
100.346 236.925
92.1441 237.995
85.5232 237.921
132.002 234.755
137.882 226.279
147.578 227.882
156.833 232.759
147.529 235.863
138.919 236.699
86.7678 318.01
86.06 312.095
89.6858 307.453
95.0038 308.561
109.67 309.244
123.824 314.229
137.187 320.66
125.173 327.021
111.14 329.985
96.495 330.965
91.2892 328.274
87.9383 323.709
92.5468 317.428
95.9963 317.537
113.615 318.898
113.423 320.681
95.3742 319.034
92.3043 318.883
