85.4895 170.841
93.4437 160.96
104.118 156.241
116.478 155.802
128.897 158.528
175.334 157.688
193.172 155.113
210.892 156.456
227.839 162.911
240.995 175.733
150.615 196.32
149.228 213.673
147.133 230.292
144.873 247.673
135.727 270.042
141.733 271.97
148.807 272.314
157.814 271.75
166.276 270.003
99.2715 202.551
108.419 195.471
120.542 196.025
129.769 204.254
119.498 207.976
108.213 208.324
182.949 203.764
191.202 194.751
203.871 195.102
216.171 202.571
204.902 206.513
193.01 206.98
121.744 305.579
129.145 297.263
138.88 291.659
149.707 293.259
162.483 291.552
174.516 297.586
186.192 304.744
175.569 312.795
163.634 318.758
149.706 320.169
138.12 319.439
128.195 314.314
139.235 303.44
150.111 304.624
161.138 303.149
161.316 304.284
149.57 305.183
139.031 305.288
