90.8818 209.983
94.96 207.145
100.274 208.099
105.625 211.359
110.673 215.26
132.261 210.319
144.167 206.421
156.8 203.73
169.662 205.168
180.894 211.053
122.979 240.46
118.769 253.773
113.536 266.865
108.414 280.553
111.037 295.033
115.34 297.17
119.924 297.845
126.94 297.295
134.928 295.836
99.4661 239.876
101.035 232.942
109.09 234.895
114.899 242.688
108.266 244.809
101.465 244.867
145.72 244.084
150.305 234.105
160.893 233.953
171.278 238.54
162.63 244.258
153.373 246.017
112.235 318.473
111.998 314.252
115.922 311.005
121.934 311.27
133.411 311.652
144.32 316.308
154.688 320.546
145.441 325.654
135.303 328.82
124.65 330.051
118.688 327.055
115.363 322.581
118.659 318.986
125.447 318.497
137.829 319.394
137.147 319.939
124.469 320.324
117.938 318.785
