120.737 253.025
133.021 244.832
147.253 239.803
161.764 239.711
175.898 242.082
224.058 244.188
234.463 241.269
245.154 240.344
255.518 242.567
264.193 248.029
204.113 265.274
206.288 280.614
208.783 295.922
210.85 311.392
192.133 332.229
200.853 332.868
210.3 332.561
216.784 331.473
223.095 329.977
141.404 273.73
152.399 267.243
164.752 266.984
173.339 274.842
162.876 277.452
151.896 277.146
223.276 274.005
230.192 266.122
241.489 264.465
250.912 270.679
242.848 275.203
232.929 275.266
172.542 366.494
185.999 359.145
199.173 353.697
212.896 353.614
221.967 351.16
230.378 354.163
237.097 359.959
231.515 369.686
223.258 376.614
212.398 379.272
197.705 379.328
183.9 374.343
195.553 365
212.909 364.398
223.663 362.551
223.687 363.952
212.044 365.74
194.434 366.192
