85.2449 213.898
94.6189 207.874
105.928 206.749
116.495 209.516
126.588 214.348
172.613 212.749
186.627 206.607
201.347 204.05
216.733 206.037
231.135 212.013
150.6 241.89
149.124 259.327
146.938 276.449
144.697 294.363
132.56 309.91
139.303 313.082
146.76 314.796
157.195 313.566
166.974 310.874
98.4262 243.797
107.788 236.811
119.829 238.462
128.732 249.646
117.471 250.701
106.055 249.261
180.737 247.885
188.221 235.263
201.824 233.153
215.781 240.664
205.262 246.825
192.457 248.596
120.111 333.484
129.504 332.262
138.959 330.953
148.961 332.121
164.928 331.609
179.517 334.105
193.729 336.464
180.8 346.335
166.76 353.488
150.635 355.826
137.924 352.628
128.374 344.254
136.705 338.854
149.566 340.73
168.93 340.282
168.782 340.884
149.809 341.496
136.826 339.254
