156.244 253.588
166.03 248.335
178.056 245.848
189.966 245.928
201.395 249.144
240.386 241.29
247.646 234.694
256.36 230.14
266.695 228.419
275.21 230.936
224.772 268.51
229.145 281.471
233.922 293.905
239.033 306.694
221.777 326.047
231.098 325.668
239.786 324.326
245.286 321.901
249.646 318.736
171.801 277.069
180.538 270.575
190.989 268.478
200.171 274.818
192.293 280.702
181.784 281.788
243.705 265.083
249.888 255.068
259.361 251.618
268.259 254.09
263.163 262.028
254.25 265.402
205.945 355.295
218.118 347.972
228.598 341.656
240.684 339.301
248.314 336.243
255.434 337.242
259.59 340.777
257.991 351.205
251.688 359.132
242.39 363.271
230.068 364.93
217.601 361.531
225.841 352.345
242.001 349.031
250.076 346.222
249.211 346.687
240.654 350.135
225.357 353.087
