151.446 196.16
162.026 188.116
175.274 185.003
189.004 185.683
201.967 189.253
238.903 188.055
245.306 184.415
252.334 181.42
259.38 181.804
265.476 185.924
224.808 215.656
229.415 227.79
234.255 239.783
238.915 251.789
214.95 272.003
224.818 272.681
234.972 272.602
241.21 271.472
246.212 269.296
169.422 219.107
178.519 213.66
188.845 213.095
196.346 220.46
187.697 223.702
177.986 223.154
236.483 217.81
243.602 210.308
252.876 208.429
260.005 214.232
254.257 219.78
245.439 220.04
200.497 303.557
210.983 296.9
222.064 291.039
234.744 289.627
240.928 289.002
247.075 292.096
251.135 298.904
248.229 306.546
241.95 311.663
234.98 313.385
222.963 313.619
211.14 310.359
224.674 301.877
234.875 300.965
239.221 300.674
239.14 300.694
235.151 300.92
225.099 302.373
