189.321 270.033
199.905 259.514
214.478 253.544
229.758 253.215
245.255 255.836
262.894 261.998
264.008 255.423
267.773 251.114
272.699 249.127
277.224 250.761
258.431 285.875
265.431 300.268
273.559 314.127
281.195 327.42
258.969 351.266
265.774 351.551
271.751 351.91
275.051 350.428
277.341 347.792
207.284 290.45
217.348 284.704
227.049 282.253
233.308 290.084
226.823 292.692
217.013 293.607
260.45 286.627
264.621 279.377
271.539 276.825
275.552 282.14
273.249 286.894
266.753 288.097
240.528 385.448
251.493 378.211
261.174 370.918
273.671 367.562
278.309 366.672
280.422 370.873
279.651 376.101
280.151 381.964
278.167 386.699
273.933 389.531
262.899 391.389
251.739 389.596
261.015 379.945
271.518 377.105
274.354 376.631
274.503 377.478
272.179 377.753
262.09 380.592
