121.808 215.422
136.133 207.545
152.272 205.297
166.983 208.627
180.941 215.053
226.727 214.449
237.957 209.58
250.003 206.72
262.51 207.212
273.805 212.294
206.123 242.163
206.976 260.123
208.128 278.211
209.187 296.803
187.753 311.97
197.114 313.411
206.941 314.353
215.513 313.26
223.296 310.955
142.008 243.415
154.085 236.437
167.412 238.075
176.629 249.668
164.464 250.949
152.307 249.032
230.316 249.034
238.266 237.308
250.188 234.985
261.034 241.455
253.079 247.379
241.705 249.637
161.169 334.811
176.119 333.168
191.121 330.999
206.963 332.46
218.913 330.809
229.507 333.327
239.716 335.189
230.277 346.843
219.636 355.375
205.775 358.654
188.821 356.562
173.978 347.566
185.097 339.472
206.146 341.036
222.001 339.99
221.777 342.465
205.921 344.089
185.058 342.267
