147.452 202.284
158.904 193.554
173.023 188.504
187.992 187.191
203.119 188.953
239.786 185.594
245.024 183.058
250.734 181.548
257.059 181.769
263.288 184.264
226.663 210.663
233.26 224.552
240.125 238.471
246.292 252.388
221.245 270.419
230.398 272.571
238.589 272.506
245.193 269.991
249.882 265.242
168.058 220.513
177.707 214.769
187.776 213.21
196.673 218.183
188.284 222.789
178.079 223.85
239.11 215.064
246.331 207.589
254.15 206.333
259.918 210.736
255.168 215.375
247.283 216.365
203.822 301.889
214.792 293.445
225.718 286.433
238.538 284.841
245.131 283.506
251.586 287.097
255.924 293.956
253.451 302.786
247.77 308.459
240.09 310.953
227.63 311.911
215.88 308.453
226.802 297.422
238.968 295.638
246.366 294.891
246.369 296.163
238.933 297.415
226.853 299.265
