91.2479 186.876
99.9384 179.218
111.052 176.575
122.461 177.778
133.537 181.262
178.979 177.339
195.249 173.301
211.931 173.302
227.86 178.659
238.978 189.776
154.159 213.732
150.999 231.038
147.706 248.365
145.29 265.956
132.622 286.803
139.945 290.085
148.581 291.59
160.54 289.957
172.077 286.861
101.05 222.067
109.804 214.852
121.58 214.884
132.113 222.605
120.999 225.849
110.188 226.203
188.173 219.953
199.171 211.724
212.337 212.752
223.932 219.804
211.776 224.203
199.629 223.818
123.438 325.791
129.924 317.543
139.35 311.512
149.867 312.9
164.013 311.656
176.749 318.047
189.782 324.025
178.213 331.286
165.01 336.189
151.191 337.217
140 336.188
131.251 332.302
139.941 324.133
150.609 323.683
166.14 322.969
166.026 323.674
150.911 324.396
139.361 323.569
