106.112 164.381
117.846 155.338
133.887 152.609
149.576 155.34
164.097 161.698
207.827 167.593
221.198 165.37
235.318 166.6
248.113 171.988
257.617 181.709
182.137 191.414
181.154 205.702
180.422 219.876
179.502 234.22
159.871 252.784
168.303 254.372
177.096 255.467
184.917 255.249
191.601 254.411
121.328 193.719
133.171 187.114
146.1 189.13
154.664 199.086
142.766 200.852
130.691 199.375
205.402 206.197
216.415 197.609
228.853 197.665
238.847 205.706
228.609 210.132
216.755 209.776
138.808 282.552
150.553 275.099
163.076 269.904
175.727 271.255
187.578 271.6
197.934 277.7
206.91 286.72
197.171 296.583
186.176 303.048
173.248 304.313
159.568 301.322
147.82 293.34
159.616 282.921
174.754 283.943
187.675 284.998
187.863 286.723
174.55 287.647
159.334 285.606
