126.005 225.731
138.129 217.352
152.864 212.482
168.022 213.299
182.419 217.112
225.937 218.275
235.626 215.277
245.974 213.437
256.403 214.876
264.698 220.201
205.707 247.997
207.164 262.605
208.766 277.126
210.609 291.572
191.558 306.785
199.858 308.446
208.865 309.282
216.437 307.969
223.748 305.46
144.652 249.086
155.302 242.879
167.25 242.528
176.88 249.273
166.843 253.526
155.158 253.433
225.888 249.411
234.101 242.21
244.56 241.177
253.982 245.842
246.204 251.704
235.503 252.235
169.786 333.451
182.72 329.626
195.391 327.065
207.988 329.078
216.86 327.123
225.79 329.065
234.218 332.418
227.262 341.721
218.49 348.013
207.091 350.181
193.083 348.795
180.372 342.847
193.087 335.083
207.471 336.384
217.934 334.702
217.838 336.11
207.68 337.141
192.975 336.146
