128.286 200.255
140.062 191.533
154.644 188.413
169.355 189.677
182.997 194.731
223.951 198.056
234.287 192.226
245.481 189.264
256.919 190.419
265.397 197.384
204.979 222.724
206.604 238.818
208.317 254.878
209.89 271.135
190.873 285.483
199.123 286.368
208.171 286.589
214.933 285.82
220.988 283.69
145.219 227.915
156.108 221.312
168.156 221.445
177.168 229.502
166.971 232.74
155.331 232.27
224.622 228.657
232.329 219.86
242.857 218.261
252.698 224.807
244.754 229.572
234.574 230.242
175.125 319.786
185.442 312.171
196.505 305.427
209.047 305.941
218.33 304.124
226.368 308.868
231.505 316.266
226.976 326.234
218.455 332.284
207.734 334.846
195.048 334.278
183.569 328.826
194.891 314.06
208.529 313.811
218.339 313.35
218.154 318.886
208.073 319.922
194.727 319.583
