170.513 273.485
182.654 264.903
197.66 260.586
213.015 260.033
228.543 262.329
255.691 261.827
260.048 257.577
265.528 254.488
270.318 252.644
274.363 252.891
247.319 290.243
252.709 301.407
258.957 312.405
264.767 323.635
242.431 345.425
249.552 346.176
255.714 346.276
259.861 344.257
262.887 341.738
190.159 295.179
200.648 288.264
210.958 286.615
217.235 295.086
210.011 297.897
200.097 297.858
253.152 288.702
258.525 279.311
266.312 276.408
269.663 282.768
267.391 288.146
260.433 289.948
219.701 378.399
230.659 369.434
242.625 362.265
256.079 361.137
261.549 359.607
265.443 363.02
264.533 370.52
265.302 377.416
262.634 382.728
256.557 386.921
243.633 388.567
230.912 385.558
242.3 374.376
254.836 372.382
260.062 371.72
260.222 371.631
254.919 372.75
242.779 374.909
