186.906 231.379
199.228 226.044
211.872 223.985
226.212 225.282
239.34 229.729
262.148 236.895
267.458 231.964
273.68 228.269
280.202 227.427
285.897 229.783
249.426 254.478
253.856 267.124
258.971 279.325
264.468 291.545
243.868 309.397
251.104 311.045
258.734 311.659
261.424 310.827
263.881 308.672
198.66 256.243
209.852 252.324
220.158 251.426
227.124 260.405
218.47 263.22
208.183 262.155
256.792 261.007
265.817 253.518
274.864 252.742
281.405 257.487
275.161 263.684
266.05 263.637
228.711 340.43
237.695 333.924
247.724 327.712
259.357 327.213
264.298 326.531
268.578 331.286
268.165 338.16
265.666 342.566
262.271 346.455
257.822 347.459
247.834 346.263
239.149 343.744
247.528 337.41
258.581 336.641
262.064 336.974
262.924 336.073
258.898 336.645
248.939 336.513
