114.686 251.088
127.461 240.56
143.389 235.815
159.928 235.444
176.417 237.09
219.76 233.995
230.547 229.499
242.379 227.55
254.09 229.361
262.573 236.891
200.942 273.129
202.788 290.364
204.976 307.735
206.873 324.572
184.805 337.584
193.732 340.361
203.203 341.483
210.513 340.081
217.177 336.913
137.472 277.431
148.979 269.836
162.488 269.6
172.388 278.799
161.343 283.774
148.532 283.023
222.467 275.978
230.242 266.461
242.144 264.298
252.015 271.39
244.475 279.176
232.861 279.369
170.102 369.194
180.799 362.907
191.743 357.733
203.853 358.914
212.592 356.435
221.348 359.34
229.701 363.652
222.79 372.961
213.892 378.807
203.636 380.554
191.856 379.885
180.201 375.913
191.03 367.956
203.343 368.264
213.401 367.189
213.809 366.941
203.522 367.646
190.831 367.532
