152.988 243.25
163.277 237.9
174.472 234.207
186.38 233.895
197.851 235.852
234.139 236.183
240.333 232.231
247.303 230.409
254.08 230.236
259.843 233.453
218.699 267.063
222.047 283.539
225.777 299.878
229.079 316.594
206.588 329.086
214.772 331.143
222.921 331.84
229.03 330.631
233.827 327.92
168.456 265.269
178.313 259.416
188.951 258.428
195.089 267.715
186.982 270.192
176.964 268.833
235.772 265.11
240.141 255.855
248.657 253.498
254.724 258.745
251.432 264.285
243.813 265.46
187.096 355.111
198.955 349.662
210.211 344.846
222.728 344.615
229.474 342.561
235.915 344.197
239.064 349.072
234.234 356.481
229.109 362.441
221.861 365.389
209.87 365.641
198.22 361.768
208.662 353.107
221.597 352.177
228.815 350.85
228.74 351.958
221.724 353.246
208.831 354.045
