160.288 225.728
169.857 217.552
181.632 211.79
194.423 210.772
207.323 212.518
248.495 214.071
254.946 210.879
261.719 209.159
268.97 209.056
275.197 212.139
232.727 245.405
236.998 258.539
241.259 271.664
245.033 285.457
223.718 300.502
232.098 303.08
240.273 303.727
246.367 301.59
251.03 297.636
172.887 247.148
183.297 240.708
195.226 238.841
203.756 248.219
194.524 251.658
183.475 250.906
248.467 245.353
254.843 237.29
264.109 234.262
270.783 239.996
266.381 245.477
257.935 246.166
203.702 331.027
215.464 325.13
227.002 318.768
240.514 317.215
247.143 315.746
253.146 319.281
256.241 325.732
253.945 334.902
248.818 340.616
240.809 343.663
227.654 342.944
214.979 338.596
224.114 327.254
240.427 324.768
247.326 324.541
247.274 330.475
240.554 332.146
224.862 332.034
