85.1697 209.573
95.6254 204.262
107.83 202.337
119.416 203.216
130.898 206.601
168.346 201.882
182.588 197.211
196.971 194.889
211.838 196.757
225.375 202.558
151.566 226.278
150.946 242.193
149.983 257.119
149.003 272.806
136.98 290.356
144.011 292.822
152.108 293.95
161.08 292.743
169.425 291.106
100.328 234.257
108.709 227.342
119.733 227.709
129.296 235.512
118.295 238.26
108.268 238.005
181.794 231.606
188.266 221.573
200.317 221.349
212.744 227.251
202.662 231.939
191.706 233.477
126.366 322.453
132.049 313.189
141.832 307.246
152.948 308.447
168.02 307.656
181.688 313.425
193.35 322.077
180.78 328.879
167.739 333.24
153.767 335.197
143.197 333.5
134.392 329.08
143.515 319.701
153.402 319.431
168.979 319.727
168.487 321.174
152.903 321.599
142.839 321.327
