70.1684 186.141
83.8856 179.631
99.5528 179.874
114.38 185.119
128.175 192.9
164.651 189.053
182.163 179.195
201.24 173.542
221.147 175.111
238.849 183.247
144.985 209.345
143.091 226.88
140.525 244.219
138.338 262.16
121.998 280.751
130.593 283.895
140.419 285.159
152.721 284.173
164.304 280.807
88.9377 214.698
99.3046 209.85
111.444 210.901
122.838 217.834
110.24 220.392
98.207 220.005
177.745 217.908
189.097 209.048
203.186 208.273
217.835 212.822
204.93 219.071
190.812 220.364
108.272 319.079
115.652 309.439
126.354 303.14
137.969 305.238
154.591 304.355
169.722 313.026
184.783 321.752
170.853 331.462
155.497 337.716
139.27 338.491
126.468 336.454
115.951 329.941
124.568 317.071
138.536 316.671
159.517 318.134
159.684 319.949
139.2 319.547
125.218 319.021
