70.4691 197.098
73.9801 197.37
79.1885 200.454
84.3388 206.2
88.3991 213.261
108.834 203.23
125.932 196.536
143.416 192.504
160.86 195.55
174.899 205.13
102.223 236.674
98.9816 253.223
94.6497 268.955
90.1881 285.138
91.7856 304.148
97.9504 305.531
104.874 306.031
111.52 304.101
119.448 300.158
81.3401 234.175
84.1825 228.214
92.8527 230.83
99.2309 237.968
91.8707 241.953
84.1786 241.319
129.961 239.98
133.879 229.47
145.944 228.125
159.028 233.835
148.866 241.35
137.647 242.781
97.8934 329.3
95.8683 324.38
98.5444 321.904
104.332 322.237
118.499 322.204
132.483 325.343
145.692 329.017
135.107 336.606
121.654 341.192
108.791 342.641
101.98 339.842
98.6388 334.791
103.893 329.982
108.049 330.44
121.079 330.044
120.632 333.689
108.079 334.034
104.037 333.3
