99.5164 232.505
109.531 221.453
122.81 214.854
137.12 212.99
151.304 214.584
190.681 209.209
206.558 205.17
222.443 204.563
238.057 209.446
250.432 219.069
175.097 245.335
175.822 260.503
176.147 275.511
176.454 290.318
162.873 307.362
170.464 308.202
178.58 308.116
188.614 307.228
198.117 305.327
120.387 247.746
130.586 241.358
142.717 241.513
152.663 250.09
141.38 253.641
129.899 253.657
202.338 246.021
210.089 236.4
222.344 234.243
234.541 238.675
225.302 246.381
213.388 248.146
151.105 338.877
159.395 332.112
168.978 327.556
179.758 329.196
192.407 326.959
204.54 331.108
216.462 336.48
206.043 343.387
194.627 348.487
181.73 350.295
169.706 349.83
159.773 345.508
168.658 336.636
180.449 337.61
194.486 335.367
194.299 335.406
180.803 336.912
168.661 336.741
