81.3315 189.514
89.0129 187.272
97.1485 188.87
104.437 191.395
110.816 195.843
144.372 193.938
159.135 188.531
174.494 186.796
190.331 188.314
206.231 194.064
126.072 221.115
121.328 237.477
115.754 253.381
110.602 269.076
106.986 288.549
113.11 291.526
120.515 293.04
130.229 292.317
139.351 291.146
90.8489 217.234
95.7748 211.55
104.47 213.862
110.781 223.061
102.527 224.501
94.9474 223.553
158.69 223.579
166.422 214.437
177.184 214.775
187.845 220.337
178.144 225.889
167.794 226.844
101.69 322.77
102.742 315.329
109.239 311.537
116.971 313.374
131.404 314.735
144.088 321.778
156.416 328.243
143.402 336.643
130.365 340.239
117.117 340.21
110.127 337.172
105.16 331.449
110.84 323.807
118.645 323.903
134.9 326.337
133.679 326.276
117.655 323.844
110.582 324.051
