95.1923 237.568
103.877 231.759
114.387 230.928
124.818 232.655
133.982 237.215
172.894 233.323
186.755 229.146
201.173 228.444
215.437 231.106
228.055 236.942
154.207 260.108
152.884 273.907
151.176 287.713
149.568 301.755
139.246 319.986
145.685 321.627
153.286 322.403
162.557 321.545
171.99 320.045
108.324 262.41
116.263 255.475
126.732 256.854
133.85 265.812
124.936 268.25
114.976 267.891
183.572 264.861
190.626 254.895
202.276 253.941
214.132 259.996
204.144 265.587
193.396 266.9
130.943 350.337
137.172 344.302
144.522 340.251
152.735 341.98
164.965 340.575
176.709 345.114
188.983 350.491
178.721 357.966
167.069 363.633
153.982 365.093
144.091 362.696
136.867 357.169
145.398 350.38
153.117 351.462
166.42 350.337
166.941 350.063
153.496 350.643
145.003 350.025
