100.813 185.176
112.778 174.937
128.294 169.289
145.093 170.016
160.631 175.177
207.179 174.7
220.755 169.21
235.613 167.977
249.637 172.262
260.487 182.279
186.162 210.29
187.314 226.835
188.724 242.681
189.513 258.312
166.297 280.51
176.606 281.147
186.978 281.836
196.803 281.342
205.835 280.173
118.792 214.818
130.091 209.465
142.215 210.243
153.035 217.016
141.72 221.047
129.532 220.739
213.215 217.036
221.845 208.552
233.616 207.498
245.347 212.917
234.714 219.325
223.147 220.333
151.535 324.214
163 315.305
173.742 306.761
186.805 307.259
198.736 306.595
208.799 314.299
219.343 323.159
209.632 331.085
198.18 335.703
185.503 336.75
172.639 336.314
161.564 331.955
171.424 321.116
186.687 321.907
200.09 321.032
199.941 322.364
186.159 321.969
170.914 321.997
