110.095 238.666
121.494 231.193
135.497 228.388
149.426 229.083
162.714 232.542
202.311 235.244
215.035 232.643
228.198 233.251
240.952 237.433
250.488 245.763
182.042 262.36
181.589 275.387
181.201 288.035
180.862 300.821
162.862 315.342
171.154 316.944
179.435 317.889
187.195 317.904
194.397 317.054
124.738 260.835
136.241 255.337
148.583 256.355
156.902 264.99
146.365 267.487
134.84 266.398
204.833 268.109
213.697 260.566
224.969 260.493
234.677 267.334
225.33 271.608
214.648 271.402
146.132 344.31
157.347 340.992
167.989 336.95
179.52 338.485
189.216 337.835
198.03 342.129
206.774 346.78
198.556 353.928
189.441 358.444
178.339 359.219
166.162 357.827
155.742 351.928
165.512 344.405
179.14 345.98
190.523 345.828
190.507 348.066
178.815 347.931
165.251 346.609
