150.974 222.083
161.699 214.507
174.615 211.315
187.579 211.674
200.476 214.533
238.879 214.273
247.437 210.539
256.362 209.818
265.255 212.47
271.823 218.327
218.328 239.448
219.566 251.324
220.899 262.931
222.182 275.037
206.142 293.665
212.628 294.62
219.371 295.01
225.283 294.687
230.93 293.023
168.09 241.76
177.29 237.559
186.451 236.633
194.027 243.687
185.879 246.594
176.374 245.741
237.742 243.037
245.131 237.039
253.06 236.544
260.333 241.444
253.879 245.753
245.563 245.9
187.143 323.166
198.394 316.997
209.407 310.949
221.76 310.509
229.437 309.534
236.056 313.756
241.834 319.653
236.606 326.796
228.855 330.768
220.51 332.067
209.041 331.478
197.805 328.335
207.505 321.155
221.519 319.793
230.363 319.819
230.072 321.127
221.075 321.081
207.403 321.44
