154.525 284.163
164.978 275.706
177.792 271.14
191.454 269.992
205.215 271.595
235.515 271.651
241.611 268.802
248.226 266.872
255.217 266.26
261.741 268.643
222.738 297.908
226.006 309.552
229.667 320.811
233.042 331.792
214.791 352.349
223.469 352.641
231.505 352.201
237.924 350.504
242.704 348.094
171.931 301.83
180.658 296.248
190.762 295.778
197.653 304.543
189.518 307.349
179.891 307.194
239.2 300.736
244.648 292.305
253.319 290.361
260.264 295.781
255.105 301.275
247.239 302.638
205.678 380.369
214.936 373.16
223.967 365.588
234.783 363.827
241.395 362.917
246.711 367.676
250.146 374.237
246.504 379.519
241.515 382.927
235.965 384.832
225.778 385.631
215.518 384.217
224.233 375.107
235.389 373.632
240.843 373.515
241.268 373.317
236.007 373.675
225.152 375.669
