127.242 245.562
140.851 238.699
155.293 235.893
169.985 236.168
184.705 239.235
231.595 241.286
240.586 237.566
250.246 235.868
260.298 236.758
267.797 242.636
205.665 270.804
208.239 288.534
211.411 305.227
214.472 322.53
189.71 335.895
199.763 337.785
209.642 338.604
217.584 337.69
223.83 334.936
145.936 273.249
158.161 268.098
170.278 267.901
179.135 276.382
168.326 279.819
156.649 278.565
227.452 276.666
236.404 268.884
247.243 267.825
255.468 272.951
247.744 278.386
237.31 279.227
166.162 362.827
179.659 358.166
193.723 353.92
208.575 354.46
217.183 352.76
225.075 355.412
230.414 360.831
223.857 369.524
215.592 374.475
205.528 376.381
190.754 375.74
177.406 370.976
188.642 362.972
207.182 362.815
218.146 362.701
217.495 362.604
206.378 363.21
188.59 363.298
