71.6984 207.364
75.2491 205.785
81.1136 208.779
86.1195 214.315
90.099 221.082
118.215 215.042
134.138 210.655
150.648 209.557
166.272 215.047
179.339 226.828
101.306 253.338
96.0292 270.254
89.7148 286.207
83.2307 302.908
82.9588 319.363
87.5086 323.148
92.5963 325.16
101.291 324.829
111.158 322.891
76.9175 245.647
82.6987 240.872
91.6383 244.196
96.489 252.137
88.7834 254.593
80.3653 252.159
128.767 256.444
136.934 248.161
148.786 249.61
159.541 255.193
148.394 260.659
136.655 260.392
84.0277 347.546
83.2305 342.121
86.0559 339.072
90.5445 341.023
104.616 343.709
116.659 350.051
128.042 357.083
116.645 360.065
104.038 361.099
92.0894 359.849
87.2359 356.467
83.9837 352.404
90.4758 347.703
92.1181 348.215
104.308 350.814
103.103 352.401
91.426 350.675
89.4801 349.996
