158.499 194.604
169.512 188.156
181.481 184.891
193.708 185.615
205.561 187.232
233.194 187.947
238.476 185.866
243.795 184.146
249.292 183.612
255.162 185.459
221.178 211.658
225.374 223.953
230.455 235.772
235.55 247.853
213.779 263.725
222.378 265.076
230.434 265.556
234.097 264.165
236.85 262.037
168.866 213.58
178.772 208.284
188.504 208.399
195.031 215.532
186.965 217.939
177.865 217.218
231.224 214.418
237.351 207.082
245.508 205.407
251.318 210.548
246.664 215.012
239.049 215.451
197.414 291.257
207.64 286.007
218.489 281.966
230.454 281.844
235.751 280.563
241.79 281.894
244.682 287.184
241.825 293.94
237.197 298.951
231.165 301.014
219.381 300.857
208.254 297.08
217.633 290.458
229.344 289.767
234.293 288.646
235.634 288.219
230.953 289.006
218.895 289.66
