82.8078 169.991
85.1683 165.116
89.9545 163.25
96.3081 163.114
101.221 164.779
121.624 159.247
136.051 155.221
151.11 154.316
165.369 157.298
178.572 163.681
114.174 195.659
109.924 208.455
104.738 220.767
99.2884 233.479
103.892 249.275
108.325 251.31
113.398 251.597
121.004 250.2
129.102 248.444
91.9087 199.755
94.1838 191.978
102.125 193.608
108.835 201.293
102.399 204.555
95.3468 204.729
138.373 196.241
142.485 185.282
153.022 184.529
162.784 188.444
155.461 194.473
146.419 196.875
108.468 279.168
105.173 272.818
107.079 267.009
112.213 267.143
124.944 267.089
136.678 271.816
147.323 277.528
139.128 284.5
129.005 288.654
117.985 290.65
112.761 288.755
109.469 284.436
112.566 278.013
115.334 277.152
127.135 276.394
127.607 277.909
116.774 278.624
113.257 278.05
