90.4166 270.37
92.9536 267.818
95.8213 268.069
99.6425 270.085
103.588 272.607
130.552 270.268
144.182 267.185
158.137 267.214
170.919 271.496
180.448 280.35
114.411 301.698
108.769 317.725
102.484 332.532
96.0909 347.38
99.2755 363.498
102.838 364.552
106.669 365.657
112.905 365.738
120.175 365.61
88.4663 299.49
92.8113 293.778
101.722 297.166
108.835 305.819
99.3752 307.295
91.2387 306.039
138.929 306.36
144.702 295.919
155.415 297.047
165.726 303.175
156.014 307.287
146.565 307.998
103.37 391.588
101.949 386.732
105.222 383.671
109.944 384.74
123.123 385.093
136.423 388.368
148.487 393.152
137.997 398.981
125.779 402.768
112.758 403.761
108.299 401.757
104.897 397.92
109.16 392.642
111.464 392.54
126.295 393.338
126.509 395.122
111.859 394.931
109.55 394.191
