142.122 243.021
155.538 233.043
172.087 228.844
188.877 230.801
205.367 236.229
235.649 239.184
243.519 234.159
251.121 230.152
259.466 227.863
266.891 230.596
225.928 267.305
230.79 283.168
235.634 299.509
239.778 315.968
214.058 333.908
223.297 335.331
231.786 335.885
238.047 334.277
243.139 331.321
163.046 271.317
174.933 265.319
186.709 264.852
194.198 272.361
185.515 276.989
173.246 276.505
240.266 267.471
246.542 259.627
255.448 257.876
261.686 263.585
256.939 269.865
248.124 269.996
191.982 366.3
204.447 359.435
217.755 353.757
231.292 354.539
237.726 351.958
243.273 355.565
246.345 360.221
243.689 369.806
237.973 377.518
228.985 381.317
215.359 380.996
202.009 375.847
217.325 364.196
230.126 363.343
236.32 362.043
236.23 363.948
229.449 366.098
216.374 366.089
