132.727 211.128
143.729 202.773
157.285 199.417
171.312 199.273
185.006 203.227
218.846 202.639
228.39 197.591
238.938 196.037
249.674 197.139
256.99 204.341
204.453 229.342
207.232 244.203
210.51 258.318
213.654 272.854
193.722 291.5
202.541 293.004
211.466 292.925
218.037 291.89
223.933 289.734
148.719 235.215
159.61 228.895
171.354 228.602
179.969 237.349
169.651 240.577
159.054 240.245
220.982 235.984
228.536 227.452
239.247 225.906
248.657 231.589
241.09 237.121
231.091 237.962
177.618 322.097
188.849 314.37
199.997 307.841
212.485 308.304
221.776 305.512
230.392 310.5
237.07 318.19
232.206 326.811
223.463 332.506
213.536 334.277
200.652 334.745
188.138 329.996
197.449 319.335
212.759 318.315
223.62 317.561
224.137 318.041
213.18 318.959
197.391 319.784
