83.9521 192.461
90.3642 187.901
98.7026 186.096
107.083 186.124
114.606 189.028
150.929 188.035
165.813 185.173
181.203 186.526
196.145 191.932
209.203 200.563
130.641 224.378
127.025 240.467
122.622 255.7
118.454 271.111
111.473 288.811
117.307 291.177
124.08 292.773
133.83 291.795
143.934 290.041
90.2789 222.095
97.3653 216.588
107.586 218.437
115.083 227.025
105.739 228.36
95.9924 227.857
159.978 227.096
168.582 219.02
180.313 219.151
192.709 223.681
181.615 228.228
169.938 229.498
106.068 320.292
108.927 314.823
116.079 312.169
124.157 313.43
136.8 313.477
148.986 318.233
159.291 323.913
148.932 331.126
137.329 335.501
125.318 335.595
117.529 333.097
111.274 327.427
118.074 322.125
125.542 323.128
139.401 323.413
138.682 323.651
124.922 323.285
117.069 322.24
