160.212 242.315
171.655 231.452
186.59 226.866
202.758 226.519
217.543 230.707
251.963 236.946
257.689 233.061
264.298 230.438
270.77 230.8
275.776 235.891
235.961 265.794
240.982 282.198
246.439 298.279
251.461 315.351
221.674 332.098
231.624 333.588
240.469 334.257
246.543 332.627
251.884 329.492
175.951 264.621
186.623 259.297
198.052 258.985
205.914 267.438
196.347 270.749
185.344 269.971
247.368 268.782
254.547 260.822
263.885 259.35
268.231 266.283
263.507 271.109
255.383 271.361
204.016 363.204
215.226 356.882
226.295 350.58
239.002 350.577
245.894 349.112
250.851 354
250.682 360.441
247.796 368.123
242.789 373.817
236.367 376.411
224.733 375.987
213.59 371.266
224.319 360.883
237.485 360.549
243.492 359.773
243.431 361.157
237.58 363.022
225.12 363.07
