109.49 207.338
122.887 202.768
136.669 202.343
149.183 204.748
161.484 209.725
200.118 209.998
213.134 206.101
226.44 205.025
239.657 208.538
250.376 216.146
178.466 235.204
177.502 252.274
176.266 269.645
174.873 286.629
156.331 295.92
164.435 299.491
173.303 302.218
183.135 301.184
191.403 298.687
119.24 233.543
130.99 229.164
143.516 230.904
152.278 239.377
140.854 241.45
128.808 240.045
203.412 242.255
212.647 233.315
225.029 232.841
235.981 239.053
226.1 244.449
214.425 245.136
142.569 326.005
152.67 320.905
163.007 318.47
172.977 320.787
184.244 320.325
194.13 324.511
203.138 330.91
193.106 336.634
182.506 340.309
170.726 340.634
160.239 338.352
150.823 333.269
161.58 326.455
172.126 328.641
183.521 328.659
183.564 329.474
172.367 328.915
161.818 327.262
