87.8655 198.685
90.4444 196.435
95.1024 197.324
100.05 201.281
103.159 206.021
125.23 198.981
139.383 192.858
155.169 191.162
170.028 195.72
181.223 205.777
113.827 229.693
108.302 243.965
102.148 257.699
96.5487 271.929
100.549 288.464
103.444 289.076
106.55 290.18
112.512 289.905
120.12 290.413
88.2418 230.555
90.5017 224.799
98.2613 226.963
103.515 234.908
97.1875 235.526
90.6867 234.943
141.424 234.843
145.47 226.479
155.394 226.796
165.665 230.753
156.277 235.186
147.021 236.358
98.7022 318.748
95.6898 311.973
98.6729 306.45
105.748 307.066
119.911 309.275
133.679 314.737
146.582 320.895
137.583 333.071
124.289 339.256
109.242 340.779
102.28 335.977
99.0856 327.842
102.576 314.871
108.567 314.695
125.793 317.106
126.727 326.339
109.416 326.911
102.588 323.371
