92.1343 146.09
96.156 142.908
100.449 141.208
104.539 140.7
108.599 141.317
146.4 134.492
158.908 131.471
171.717 131.921
184.02 135.789
193.445 143.517
127.487 166.415
122.64 178.929
117.655 190.622
112.809 202.497
109.587 222.913
115.169 224.515
121.888 225.284
131.816 223.936
141.439 221.319
98.8934 172.76
103.158 164.897
111.758 165.473
119.215 173.139
111.576 176.116
103.912 176.219
156.765 169.299
162.649 158.999
173.989 158.026
185.032 163.724
176.509 169.055
166.214 170.632
107.392 252.125
108.517 245.78
114.243 240.998
121.259 241.113
135.211 240.841
149.13 245.048
162.539 250.374
151.1 259.287
137.633 264.525
123.554 267.048
115.619 266.062
109.696 260.861
116.179 252.813
122.627 252.876
139.291 251.595
138.115 252.972
121.765 254.045
115.804 254.265
