155.442 196.264
166.048 189.82
177.786 187.126
189.887 187.979
201.289 192.092
240.384 191.154
246.094 186.757
252.364 184.1
258.934 182.218
264.759 184.92
223.668 218.049
227.02 230.78
230.59 243.014
233.843 255.41
215 270.875
222.503 272.309
229.942 272.667
235.072 271.628
239.178 269.008
170.877 219.764
181.179 213.4
192.05 213.276
199.645 221.314
191.017 226
180.014 225.059
236.713 220.018
244.051 211.469
253.285 208.971
261.045 214.778
255.266 221.119
246.081 221.974
196.553 299.208
207.084 293.175
217.734 287.499
230.107 286.18
236.221 284.981
242.346 287.318
245.893 293.395
242.574 300.682
236.94 306.215
229.497 308.773
217.463 309.196
206.141 305.651
216.171 296.615
229.826 294.551
236.327 294.254
236.135 294.752
229.799 296.103
216.249 297.548
