81.5032 213.489
85.5152 213.468
90.1047 215.554
94.4421 218.455
97.9765 221.697
124.312 210.928
135.454 205.302
147.269 202.567
159.377 203.469
169.781 208.615
112.015 238.759
108.628 252.642
104.494 265.37
99.9472 277.993
101.928 295.844
106.413 297.827
111.311 298.443
118.257 297.201
125.062 294.593
87.629 246.119
90.479 239.916
97.5028 240.815
104.682 246.204
97.9534 248.528
91.4914 249.076
136.812 240.768
141.138 232.372
149.771 232.38
159.293 235.48
151.583 240.2
143.584 241.654
101.487 325.116
101.582 319.675
106.083 317.098
111.447 317.733
124.262 317.056
136.9 320.212
148.885 324.385
137.98 331.797
125.551 335.842
113.224 337.316
107.096 335.846
102.401 331.914
108.203 326.387
113.253 327.086
126.188 325.822
125.362 326.202
112.171 326.426
107.593 326.577
