91.2797 166.987
94.9181 164.43
99.1807 162.538
103.842 163.855
107.853 165.84
132.407 162.632
143.722 159.322
155.895 159.023
167.705 162.391
177.154 169.46
116.324 195.727
110.747 207.847
104.059 220.241
97.3336 232.193
97.5405 249.974
99.5968 251.604
103.04 252.719
110.607 253.067
118.603 253.015
89.8426 197.795
94.3328 191.429
100.655 193.099
106.495 200.914
99.9616 202.017
94.467 200.846
140.236 201.347
147.192 191.924
156.947 192.699
165.887 198.553
157.573 202.338
148.484 203.91
93.1392 280.139
91.7649 273.89
95.3905 269.073
101.42 269.851
113.966 270.958
125.037 277.034
136 283.134
124.638 289.865
112.89 292.756
100.842 293.084
95.8903 290.583
92.6919 286.696
97.0564 278.811
102.785 279.59
117.24 280.535
114.973 282.285
101.387 280.987
96.6049 279.757
