97.1358 222.164
109.098 211.416
124.528 206.482
140.431 207.545
155.658 212.502
199.099 209.735
214.272 204.5
229.89 202.473
245.731 205.971
258.686 213.735
180.1 240.736
181.005 259.428
181.761 278.253
182.522 296.614
163.481 311.326
172.493 312.632
182.712 313.088
193.198 311.249
203.351 308.884
117.885 247.108
127.769 238.408
141.376 238.228
151.735 247.549
140.519 250.458
128.608 250.527
206.386 244.19
215.62 235.139
228.989 233.959
240.306 241.027
229.728 245.186
217.979 245.837
148.102 343.621
159.48 337.643
171.123 333.545
183.828 333.88
197.33 332.017
210.323 334.292
223.826 337.836
213.512 350.321
200.963 359.869
185.618 363.739
171.112 362.126
158.423 354.859
170.362 345.008
184.364 343.821
200.451 342.495
200.619 344.239
184.803 346.679
170.79 346.688
