96.1493 215.23
102.718 212.661
109.858 213.855
117.073 215.61
123.769 219.413
154.577 214.463
165.768 211.034
177.68 209.037
189.723 209.351
200.925 213.442
138.659 243.632
136.13 258.203
133.085 272.403
130.396 286.547
126.637 299.484
131.45 301.745
137.425 302.432
146.146 301.438
154.336 299.218
103.427 245.53
108.974 239.271
118.285 240.714
125.434 248.631
116.586 250.863
108.503 250.332
162.943 247.73
169.345 239.021
180.377 238.715
190.712 243.356
181.898 248.875
171.682 250.234
122.646 324.037
126.659 317.862
132.671 315.701
139.07 317.066
150.707 316.656
161.649 320.287
171.794 324.795
162.611 332.136
151.631 336.783
140.17 337.657
132.613 335.151
127.067 330.309
132.745 324.034
140.101 324.304
153.539 324.481
153.5 325.701
140.202 325.841
132.426 324.416
