103.574 209.644
113.555 201.131
126.291 196.567
139.565 195.977
152.691 198.544
197.173 193.904
209.543 190.105
222.702 188.26
235.819 190.467
247.257 196.005
178.093 219.936
179.533 236.146
180.816 252.207
182.298 268.451
168.111 283.553
175.295 284.158
183.228 283.886
190.79 282.88
198.41 280.947
122.067 230.591
130.688 223.12
142.213 222.54
152.082 229.414
142.089 233.567
131.541 234.16
205.887 224.671
213.337 216.791
225.102 215.614
235.304 221.45
226.231 226.595
215.38 227.282
151.238 314.491
160.585 307.48
170.014 301.506
181.006 300.877
192.574 299.607
203.655 304.531
213.977 311.35
205.462 320.65
194.998 326.208
183.231 328.168
171.368 327.39
160.23 323.557
172.789 313.774
182.101 312.694
192.574 311.97
192.605 312.961
181.967 313.942
172.186 314.496
