93.9586 233.915
99.2049 228.064
107.388 227.12
115.674 227.73
123.588 230.213
155.717 227.467
168.445 225.032
181.329 225.689
193.159 230.272
203.2 237.767
136.135 256.008
132.198 268.734
128.015 280.716
124.173 293.068
117.869 311.368
122.4 312.743
127.407 313.288
134.75 313.08
142.766 312.622
99.0999 257.491
104.959 250.101
114.896 251.592
121.551 260.348
112.974 261.889
104.474 261.92
159.166 259.818
167.035 251.167
178.174 252.234
187.115 259.358
177.814 262.16
167.682 262.989
109.912 342.847
111.557 333.654
117.9 328.387
125.371 328.831
136.601 329.833
145.392 336.179
151.806 344.762
143.912 350.523
134.513 353.623
125.127 353.681
118.689 352.204
113.487 348.342
121.082 339.355
125.877 339.225
135.402 340.257
134.762 341.457
125.341 340.792
120.443 340.107
