125.187 258.655
136.947 248.717
151.708 244.089
166.977 245.164
181.109 249.393
222.375 246.262
232.3 240.175
243.857 236.828
255.82 237.489
264.928 243.66
207.026 275.645
210.344 290.01
214.25 304.707
217.962 319.227
197.884 335.759
206.948 336.794
217.053 336.881
224.762 335.435
231.763 332.992
146.02 282.786
156.91 275.971
168.886 276.108
178.651 284.559
167.685 287.119
156.424 286.889
227.67 279.369
235.198 270.215
246.117 267.748
256.098 272.509
248.48 279.17
238.333 280.299
184.797 365.791
195.873 359.026
206.388 353.2
218.541 352.542
227.547 350.991
236.021 354.733
243.364 360.223
237.366 367.617
229.31 372.91
219.491 374.536
207.233 374.954
195.701 371.357
206.908 361.124
218.707 360.168
227.378 358.988
227.129 360.641
218.136 362.314
206.418 362.522
