103.722 180.186
115.871 172.956
130.24 170.629
144.751 172.149
158.31 177.084
199.338 175.547
213.62 171.704
228.367 170.475
242.752 173.438
254.33 181.636
179.583 205.179
178.88 221.061
177.781 236.763
176.685 252.447
159.66 270.2
167.499 271.932
176.074 273.231
185.656 272.395
194.176 270.837
117.581 204.997
129.416 198.942
142.141 200.319
152.128 207.804
140.154 210.814
128.068 210.315
206.402 209.029
216.506 200.754
229.609 200.01
240.379 206.985
229.91 211.479
218.168 211.666
145.823 302.856
155.266 295.551
165.168 290.206
175.997 292.362
187.824 290.989
198.267 296.583
208.465 303.81
198.262 311.012
187.368 315.145
175.503 316.074
164.27 314.852
154.326 310.495
164.4 301.869
175.688 302.416
188.168 302.632
188.409 302.763
175.552 302.343
164.017 301.751
