91.9759 208.661
101.918 201.748
113.708 199.039
126.287 200.257
138.119 204.974
174.771 206.165
187.77 202.217
201.661 201.863
215.27 205.557
226.41 212.692
154.139 226.793
151.856 240.42
149.585 253.845
147.463 267.324
136 284.786
141.43 286.873
148.306 287.92
157.502 287.296
166.074 285.633
103.126 228.72
113.361 220.643
126 221.921
134.635 232.276
123.233 234.23
111.479 233.681
180.412 234.043
188.747 223.136
202.552 222.505
213.13 231.582
202.678 235.079
191.233 235.988
120.093 318.129
128.011 309.946
138.062 305.201
148.722 305.891
161.937 304.904
174.434 309.799
186.124 317.565
175.033 325.105
163.335 331.002
149.413 333.391
137.578 331.283
128.149 325.757
136.96 316.983
149.18 317.395
164.7 316.503
165.332 316.87
149.33 317.138
136.693 316.971
