153.726 228.389
164.824 219.039
178.992 214.785
192.796 214.313
206.328 216.675
235.469 213.163
242.55 209.7
250.126 207.645
258.308 207.318
265.074 210.694
224.661 243.663
229.066 256.392
233.217 268.757
236.797 281.172
216.002 298.403
224.794 299.449
233.593 299.321
240.308 297.455
245.843 293.865
171.502 248.647
181.657 241.873
193.099 240.721
201.055 248.385
192.185 252.173
181.163 252.491
237.386 245.855
244.604 236.965
253.531 234.217
261.521 239.644
255.391 245.674
246.492 246.954
203.489 331.97
213.597 325.259
224.118 319.766
236.254 319.487
242.255 317.005
248.758 319.43
254.292 323.177
251.164 331.139
245.78 336.76
238.397 339.753
226.83 340.301
214.86 337.455
224.51 328.754
237.025 327.73
243.182 326.465
243.843 327.221
237.56 328.99
225.16 329.975
