129.926 234.726
145.429 230.638
161.702 232.021
176.625 236.478
190.535 242.562
228.842 244.407
239.943 239.857
251.44 236.407
263.497 235.833
273.709 241.719
208.708 262.908
210.556 279.483
213.095 296.327
215.882 313.221
187.287 324.604
198.845 329.174
210.919 330.672
220.159 329.491
227.453 325.689
142.741 261.959
156.067 256.576
169.177 257.517
178.162 267.515
166.092 269.877
153.465 268.516
228.062 270.99
237.262 262.373
248.914 260.977
259.25 267.022
250.383 273.017
239 273.219
166.926 353.643
181.005 347.876
195.671 343.701
210.234 346.522
219.43 344.805
227.808 348.842
234.604 354.827
227.837 363.811
218.756 369.874
207.589 370.862
192.772 368.615
179.522 362.021
190.636 353.355
209.263 355.092
220.209 354.883
219.86 356.227
208.691 356.816
189.988 354.94
