94.3289 209.8
98.1216 204.674
104.271 202.792
111.112 202.38
117.453 203.777
153.122 199.443
168.023 196.955
182.842 197.383
197.369 201.339
210.31 208.712
137.707 234.359
134.699 247.467
131.249 259.717
128.243 271.832
123.363 287.314
128.497 288.951
134.971 289.364
143.822 288.481
153.417 286.977
102.847 236.57
108.458 229.196
117.254 229.585
124.869 237.213
116.713 239.603
108.695 240.039
164.71 234.535
172.079 225.49
182.816 225.509
193.036 231.24
183.693 235.591
173.659 236.675
117.709 315.784
119.569 308.992
125.933 305.099
133.483 306.058
145.735 305.783
157.07 311.038
168.113 317.779
158.12 323.554
146.527 326.695
134.67 327.508
127.528 326.108
121.602 322.27
128.948 315.201
134.106 315.249
145.892 315.409
145.763 315.346
134.413 315.045
128.623 314.706
