82.0506 163.706
89.3035 160.312
97.9313 159.291
106.387 160.689
114.661 163.852
146.333 162.609
162.975 158.925
179.955 159.696
196.002 165.322
209.81 174.707
127.932 188.85
123.574 203.386
118.562 217.377
113.433 231.27
104.878 250.931
110.741 253.609
117.702 254.564
127.546 254.647
137.719 253.31
86.6415 193.293
93.2828 186.222
102.657 188.047
108.861 196.056
100.536 196.824
91.8064 196.883
158.722 198.057
166.389 189.412
177.708 190.157
189.088 196.833
178.376 199.492
167.472 199.941
95.4999 283.155
98.2474 273.726
107.316 269.771
117.584 270.238
133.223 271.669
147.492 277.99
160.403 287.522
145.999 295.05
131.946 300.4
116.795 301.365
106.34 299.271
98.7806 292.391
107.85 282.778
117.439 282.983
134.829 283.875
134.014 285.817
117.156 286.004
107.048 285.148
