131.65 187.44
141.646 180.679
153.554 177.142
165.939 176.796
177.776 178.672
211.66 177.152
221.551 174.034
232.192 173.03
242.542 175.487
250.354 181.448
197.135 201.957
199.43 212.713
201.806 223.141
204.021 233.754
188.863 250.36
195.746 250.575
202.927 250.529
209.027 249.768
215.053 248.772
151.376 206.283
159.517 201.719
168.603 200.978
176.232 205.868
168.357 209.175
159.493 209.128
215.332 204.235
222.056 199.297
230.4 198.236
238.479 202.051
231.36 206.075
223.166 206.427
173.508 277.169
183.868 269.994
193.657 264.835
204.11 265.733
212.644 263.786
221.178 267.379
228.776 273.552
221.445 279.246
213.261 282.878
204.227 283.923
193.783 284.462
183.11 282.227
191.997 273.429
204.133 272.519
214.012 272.091
213.649 272.682
203.801 272.785
191.867 274.198
