189.357 207.145
200.932 201.295
214.03 199.677
227.195 202.259
239.239 206.708
260.962 206.027
264.304 200.072
268.583 194.288
273.666 189.234
279.024 187.74
251.775 228.653
256.719 242.871
262.091 256.438
267.372 270.263
243.972 286.761
251.434 288
258.519 288.624
264.456 285.887
268.17 281.382
200.328 232.892
210.321 230.033
220.032 229.289
226.915 232.849
219.825 236.661
210.227 236.562
262.017 227.873
266.912 222.665
274.3 220.208
278.288 221.82
275.155 227.265
268.313 228.916
220.767 314.97
232.456 309.601
245.216 304.57
258.566 303.608
264.337 301.27
269.22 302.857
269.575 305.96
267.398 312.513
263.733 319.294
257.383 324.154
244.611 325.063
232.633 321.257
240.903 313.466
255.924 311.901
262.96 308.594
262.699 309.717
256.045 312.705
242.181 314.452
