125.328 214.053
135.869 204.903
149.379 200.557
163.652 200.641
176.883 204.167
213.877 201.564
225.827 196.814
238.583 195.507
250.898 198.63
258.808 207.674
197.993 232.009
200.468 246.455
203.187 261.346
206.04 275.951
186.107 290.087
195.339 292.402
205.654 293.027
214.371 291.013
222.421 286.591
142.414 236.833
153.092 229.749
164.19 229.305
172.718 237.585
162.925 241.544
152.307 241.399
220.559 233.686
228.415 225.785
238.717 224.495
247.641 230.832
239.761 236.027
229.866 236.335
172.683 320.981
183.067 315.059
193.083 309.464
204.342 309.816
213.552 308.088
222.101 312.06
230.828 316.532
223.286 323.501
214.643 328.592
204.875 330.54
193.403 330.567
182.867 327.573
191.482 317.242
204.35 317.198
214.901 316.031
214.905 317.372
204.355 318.11
191.361 318.511
