85.8349 200.722
93.2725 196.273
101.547 195.584
109.409 196.124
117.058 198.755
152.467 196.344
166.141 194.383
180.051 194.654
193.889 198.092
206.104 206.226
133.853 229.612
130.127 244.15
126.231 257.877
122.713 272.015
112.459 292.157
119.187 294.523
126.924 295.272
136.326 295.045
145.272 293.622
92.9897 230.717
99.6193 225.866
108.751 226.531
115.206 233.825
107.176 234.872
98.9898 234.531
160.361 233.544
168.472 225.071
179.822 225.653
190.56 231.403
180.047 234.383
169.159 235.306
106.558 327.094
109.395 318.496
116.68 313.039
125.734 314.073
139.634 313.833
152.04 320.885
163.016 328.45
153.139 337.736
140.478 343.968
127.011 343.79
117.167 341.634
110.219 335.585
117.826 326.312
126.133 326.464
140.789 326.903
140.126 328.21
126.825 328.001
118.665 326.88
