86.4604 231.64
95.0764 225.643
106.227 225.517
117.088 228.84
128.218 233.624
172.588 234.832
185.647 231.955
198.12 230.05
211.083 231.532
223.304 236.293
152.285 257.862
150.581 273.179
148.543 288.25
146.806 303.052
133.175 315.465
140.604 319.525
149.934 321.231
161.287 319.657
171.746 316.808
100.602 258.455
110.112 253.134
121.678 254.899
129.806 263.708
119.136 266.269
108.109 264.972
180.315 264.273
188.329 254.24
201.793 254.403
214.306 261.289
202.934 266.719
190.895 267.344
121.961 340.439
130.703 337.377
139.566 334.375
149.027 336.288
162.239 335.997
174.137 341.225
186.407 344.807
175.552 352.717
163.133 357.669
149.201 358.816
137.32 355.966
128.252 349.822
137.215 342.65
149.214 343.55
165.34 343.896
165.797 345.575
149.587 345.175
137.408 343.789
