84.024 196.082
88.1215 194.407
92.7305 196.649
96.1721 201.438
99.851 205.348
125.137 205.422
141.867 204.265
157.707 205.797
172.872 212.529
184.463 224.039
106.391 238.045
100.139 252.862
93.0002 267.031
85.449 280.77
83.9277 297.103
86.6832 300.64
89.7196 303.175
97.0313 304.062
105.282 303.56
81.5148 232.48
86.3756 225.927
94.9472 230.265
100.431 238.839
92.192 240.718
83.9369 239.075
133.818 243.228
141.197 235.14
152.622 238.219
163.455 244.028
152.443 248.449
141.513 247.639
83.2976 330.847
81.6462 324.898
84.998 320.184
89.0569 321.351
102.578 323.93
114.428 331.887
124.474 340.534
112.725 344.039
100.397 345.046
88.2827 344.814
84.9503 341.016
83.2569 336.572
86.6982 330.239
88.9654 330.901
103.798 333.452
102.609 333.194
88.8757 330.673
87.454 329.892
