121.964 189.843
134.772 181.576
149.776 177.364
165.021 176.024
179.655 177.767
225.16 173.986
237.036 170.011
249.736 169.218
262.88 171.395
272.977 179.798
206.682 214.025
209.263 229.392
211.915 244.376
214.126 259.027
196.307 281.274
203.908 281.278
211.946 281.135
219.098 280.218
225.756 278.441
142.471 222.994
154.386 215.814
165.947 215.115
176.343 223.338
165.306 227.639
153.776 227.036
231.023 218.578
239.826 209.93
250.421 208.727
259.806 214.857
251.256 220.801
240.855 221.336
179.349 320.282
189.35 311.533
199.638 303.369
212.609 302.865
222.655 301.289
231.956 306.878
239.467 314.447
233.773 325.054
223.849 330.241
212.427 331.655
199.875 332.007
188.032 328.486
199.567 314.35
212.396 313.127
222.41 313.013
223.312 315.966
212.423 316.565
198.712 317.027
