95.251 223.082
106.623 213.885
121.055 209.484
136.194 209.634
150.991 213.43
198.085 211.174
210.909 205.878
224.543 203.263
238.174 204.709
250.552 210.079
176.347 244.435
176.975 261.255
177.609 278.02
178.063 295.099
161.795 307.616
170.227 310.418
179.198 311.362
188.565 309.638
197.282 306.327
118.095 249.756
127.512 242.561
139.458 242.948
148.845 251.044
138.821 254.277
127.699 254.437
204.577 246.694
212.224 237.631
224.04 236.575
234.71 242.602
225.213 247.739
214.744 248.764
149.285 341.922
157.518 333.311
167.074 326.698
178.666 328.404
190.98 326.331
202.58 332.371
213.281 339.887
204.041 348.817
193.244 354.003
181.04 354.893
169.36 354.407
158.341 350.231
167.915 338.081
179.674 338.135
192.038 337.275
192.162 338.37
180.267 339.507
168.203 339.008
