196.601 217.287
207.972 210.957
220.253 206.592
232.422 206.16
244.97 208.437
277.138 212.213
278.02 209.74
278.762 205.834
280.778 202.959
283.26 201.149
261.539 237.381
267.688 253.317
273.535 268.402
278.936 283.187
250.323 300.707
257.285 302.619
263.242 302.931
267.628 301.62
271.519 300.004
209.079 242.534
219.362 235.938
229.17 233.975
234.914 242.864
227.861 246.322
218.589 246.057
265.053 238.896
270.881 230.638
278.513 228.228
281.01 234.086
278.45 239.875
271.973 240.9
227.981 331.144
237.968 323.671
248.481 318.175
259.742 316.995
263.797 316.007
265.511 319.772
263.136 325.341
263.219 332.606
260.777 336.875
256.135 339.671
246.144 339.694
236.473 337.064
246.14 326.76
256.244 324.977
259.639 324.121
259.185 326.992
255.84 329.16
246.373 329.776
