94.9077 268.48
103.06 262.271
112.981 260.831
122.843 261.75
132.148 265.474
174.52 263.763
186.689 261.171
198.741 260.883
210.644 263.856
220.111 270.88
152.398 289.813
151.576 303.91
150.883 317.73
150.404 331.365
137.569 343.262
144.266 344.886
151.567 345.784
160.539 344.718
168.655 343.176
107.055 289.084
115.096 283.649
124.63 284.927
131.479 293.478
122.365 294.371
113.815 293.467
177.811 294.36
184.656 285.483
194.937 285.118
206.051 290.85
196.828 295.169
187.19 295.905
127.569 371.707
134.289 365.794
142.415 361.61
151.343 363.364
161.35 362.031
170.811 366.476
179.553 372.854
171.967 378.857
163.215 383.198
153.361 384.31
143.133 383.211
134.471 378.966
142.089 371.087
151.929 371.379
162.56 371.286
163.259 372.145
152.799 371.997
142.447 371.812
