83.8056 175.666
89.6907 172.439
96.2511 172.849
102.692 174.032
108.447 176.105
149.427 171.851
163.661 167.762
178.472 167.88
193.365 171.503
206.117 179.199
125.731 208.378
119.601 225.172
113.49 241.113
107.431 257.468
101.455 273.318
107.369 277.329
115.283 279.156
125.989 277.495
135.892 274.261
85.9892 211.648
92.968 206.063
102.727 207.103
111.296 214.838
101.209 216.569
92.317 216.142
158.349 212.514
165.797 204.027
177.701 204.369
189.995 210.132
178.77 213.878
167.601 214.685
100.125 306.415
103.81 300.92
111.161 297.348
118.615 298.556
133.628 296.935
147.447 301.037
161.634 305.647
148.56 313.675
134.662 317.445
119.834 318.613
111.458 316.837
105.242 312.874
109.943 307.63
120.011 307.775
138.718 307.805
138.184 308.155
119.594 308.171
109.923 306.892
