91.1434 246.168
95.0147 245.184
99.5398 246.638
104.157 248.353
107.593 251.157
130.228 251.264
144.451 250.315
158.839 252.223
171.933 258.124
181.638 268.877
116.287 280.536
111.607 292.759
105.998 304.181
100.347 315.453
97.0897 332.224
100.954 333.74
105.156 335.437
112.812 336.071
120.286 335.785
91.027 276.806
95.7214 271.836
103.42 275.168
109.665 283.839
101.775 283.809
93.9634 281.98
138.257 285.108
144.926 276.408
155.364 278.102
165.344 284.565
155.834 287.333
146.041 287.466
93.5532 356.557
94.5731 351.694
98.8806 350.011
103.746 351.623
115.585 354.277
126.696 359.424
136.076 365.337
126.505 369.841
115.248 371.667
104.054 370.403
98.585 366.561
95.0263 362.368
100.509 357.493
104.253 358.891
115.902 361.144
115.804 362.22
104.269 360.133
99.899 358.294
