161.789 214.751
174.665 209.499
188.826 209.355
203.518 211.801
216.822 216.879
252.89 224.256
259.876 220.987
267.271 219.576
274.527 220.074
280.693 222.552
235.693 246.884
240.021 263.702
245.26 279.648
250.058 295.886
220.508 312.386
230.855 314.876
241.292 316.922
248.965 315.782
255.235 313.009
173.558 246.849
185.254 244.443
195.835 244.602
204.66 251.279
194.496 251.134
184.585 249.177
251.109 256.496
259.573 251.318
267.292 250.388
274.482 253.275
267.562 255.828
259.981 255.822
200.767 348.603
211.562 338.79
225.714 332.317
240.084 333.142
250.181 332.802
258.567 339.009
259.196 349.895
255.311 357.963
248.662 362.438
239.524 363.028
225.477 362.016
212.211 356.752
220.842 345.369
239.004 344.979
248.858 346.004
248.547 347.305
240.013 347.241
222.358 346.734
