115.176 187.745
125.679 174.454
140.976 167.035
158.34 165.512
174.862 168.383
228.924 169.41
239.691 165.795
251.275 165.381
262.12 170.696
268.768 182.019
203.594 206.498
205.132 223.77
207.013 240.471
208.407 256.089
190.447 277.08
197.693 278.026
206.218 278.598
212.642 278.196
218.025 276.969
139.942 213.198
151.607 205.09
164.251 204.054
172.22 212.821
162.625 216.789
150.757 216.948
226.484 213.495
235.524 205.863
246.666 204.687
255.081 212.301
246.615 216.978
236.092 216.715
170.695 314.448
182.719 307.089
194.1 299.938
207.153 300.476
216.274 298.512
224.5 303.963
231.312 311.69
224.886 319.194
216.354 323.412
206.533 324.828
193.961 324.636
181.783 320.561
194.438 311.257
206.821 311.131
214.686 310.786
215.014 310.57
206.528 311.507
194.4 311.135
