119.058 243.642
131.642 233.102
147.601 228.421
164.248 228.441
180.239 233.33
223.233 232.348
233.321 226.781
244.59 224.814
255.876 227.332
263.592 236.701
205.676 260.399
208.806 276.687
212.421 293.102
215.938 310.016
192.761 328.34
202.233 330.254
212.028 330.301
219.998 329.499
227.284 326.797
141.953 268.158
153.065 259.502
165.826 258.85
175.914 267.885
165.697 272.682
153.692 272.8
223.643 265.533
231.58 256.978
242.822 255.765
251.159 263.567
243.856 268.945
233.296 268.742
172.611 363.743
185.979 355.73
198.754 349.334
212.955 349.867
222.029 347.357
230.69 351.675
238.138 357.958
231.836 366.478
223.304 372.827
212.568 374.828
198.081 374.33
184.866 370.119
196.304 359.748
213.049 359.421
224.025 357.761
223.914 359.541
212.16 360.547
195.544 361.18
