161.191 231.121
172.821 224.774
185.745 223.444
199.201 225.239
212.31 229.484
244.406 231.921
252.511 228.425
260.704 226.685
268.9 227.287
274.662 233.002
229.476 255.942
231.594 271.144
234.715 285.3
237.452 299.693
213.415 315.165
223.114 316.612
232.943 317.635
238.721 316.043
243.146 314.59
173.075 258.307
185.107 253.248
196.824 253.14
204.386 262.506
194.385 264.6
183.643 263.159
243.947 261.537
251.078 253.849
260.097 253.058
267.852 257.596
261.504 263.193
252.928 264.046
195.217 344.711
206.446 337.768
218.025 331.375
230.737 331.39
239.351 330.604
246.701 335.532
250.454 343.184
244.704 350.316
237.902 354.768
229.255 356.765
216.818 356.301
205.293 351.668
215.316 341.22
229.686 340.675
238.187 340.97
238.454 341.795
229.61 342.293
215.141 342.435
