172.727 183.296
184.001 176.4
197.671 174.563
211.178 176.418
223.469 180.419
246.077 184.762
251.327 182.213
257.962 181.042
263.946 181.444
268.997 183.996
237.328 206.024
242.268 219.58
248.584 231.671
254.895 243.882
231.943 262.227
239.976 262.939
246.988 263.185
250.653 262.79
253.213 262.038
185.815 206.692
196.645 201.327
207.907 201.242
214.586 210.336
206.166 212.743
195.431 211.787
243.472 213.199
251.064 205.823
259.788 204.909
264.687 210.459
260.084 215.325
251.968 215.547
216.176 290.439
225.487 285.256
236.067 281.176
247.141 280.331
252.843 279.869
256.243 283.355
254.821 290.061
253.688 293.497
250.041 293.915
245.894 294.668
236.368 295.162
225.901 294.531
236.111 286.89
246.329 286.425
248.64 286.836
247.907 288.233
245.918 286.859
236.386 288.145
