76.2133 191.123
79.9883 187.971
85.2603 189.024
90.4796 191.173
94.9397 193.953
123.441 188.943
134.194 185.385
145.715 183.692
157.395 184.242
167.731 190.005
109.981 221.701
103.485 233.923
96.5751 245.301
89.6517 256.744
90.4991 273.834
95.5327 276.22
101.332 277.558
108.781 276.418
116.401 274.622
81.5587 219.814
85.754 213.825
93.9175 215.922
100.747 223.479
92.7604 224.728
85.5376 224.44
132.595 221.095
139.098 211.978
149.057 212.339
160.309 217.057
150.442 221.392
140.617 222.432
88.1399 302.061
87.6784 295.937
92.6628 291.485
98.4378 292.583
111.999 292.025
124.435 297.342
136.186 303.649
124.946 310.884
113.279 315.48
100.561 317.698
93.3299 315.53
88.9352 309.816
94.2137 302.552
100.8 303.617
116.396 302.774
115.343 304.301
99.9314 304.459
93.8186 303.472
