122.19 186.931
134.67 179.401
149.141 174.891
164.03 174.552
178.919 176.914
221.575 173.559
231.507 169.584
241.715 167.045
252.241 167.545
261.692 171.062
204.595 197.877
207.143 213.282
209.964 228.142
212.505 243.302
194.676 259.689
202.616 260.2
211.034 260.328
218.243 259.388
223.974 257.734
144.342 205.404
154.191 199.338
166.045 198.247
174.636 206.034
164.124 208.773
153.611 208.483
224.896 201.972
231.358 193.328
241.785 191.503
251.158 196.064
243.937 201.582
234.26 202.924
177.942 291.098
187.261 283.224
198.129 276.714
210.774 276.362
221.48 274.775
231.007 278.727
238.344 286.642
231.498 293.743
223.576 299.051
213.384 301.794
200.719 300.676
189.144 297.007
199.173 287.753
211.63 287.003
222.248 286.217
222.316 286.887
211.646 287.606
199.138 288.084
