173.144 244.644
185.962 235.816
201.027 234.286
216.114 237.443
229.778 244.546
254.436 251.568
259.618 247.801
265.534 245.429
270.945 244.911
275.196 249.413
245.959 273.63
252.219 285.412
258.699 296.802
264.649 308.807
238.903 326.668
246.639 328.162
253.721 328.659
257.813 327.697
261.249 325.204
188.375 269.6
200.532 264.577
211.716 264.535
217.797 274.533
209.343 276.14
198.556 274.248
251.521 278.411
260.962 271.639
269.789 270.677
271.853 278.657
267.854 281.909
260.304 281.102
208.028 353.4
223.914 349.491
237.962 346.125
251.822 346.706
257.321 346.379
260.652 350.066
260.527 354.845
258.753 362.226
255.152 368.03
247.86 370.504
233.35 369.247
220.036 362.935
234.727 354.897
249.398 355.573
254.46 355.25
253.428 356.564
248.185 356.484
233.706 356.346
