172.869 228.165
183.692 219.729
197.076 215.809
210.786 215.69
223.789 218.458
247.344 221.357
252.832 218.91
258.663 217.367
264.286 217.833
268.746 221.176
234.007 242.477
238.914 254.718
244.24 266.412
249.308 279.651
227.172 299.367
234.421 300.321
240.503 300.311
244.955 299.262
248.604 296.807
185.181 244.095
195.945 239.266
206.002 238.603
210.732 246.285
204.256 249.057
194.594 248.401
241.194 245.818
247.413 239.642
255.106 238.101
258.019 243.711
254.062 248.377
247.62 248.239
209.347 327.812
219.622 320.449
230.752 315.173
242.973 314.041
248.053 313.267
251.619 316.676
250.321 322.938
250.276 330.912
246.738 336.399
240.297 339.059
229.569 338.691
219.245 334.474
228.758 324.563
240.866 324.24
245.665 322.716
245.323 324.646
239.951 326.079
228.21 326.764
