85.6507 182.886
88.7331 181.091
92.6376 181.464
96.3826 182.966
98.6147 185.858
118.512 177.191
129.763 174.555
141.413 173.051
152.613 174.047
162.79 178.037
110.361 206.858
105.4 220.673
99.3974 233.153
92.9317 245.89
97.0479 263.651
100.21 263.849
103.712 264.567
109.514 264.286
115.534 264.107
87.3567 211.537
89.1038 203.229
96.5914 204.076
103.256 212.177
97.1481 213.771
91.1408 214.065
133.79 207.82
136.438 197.109
145.891 197.413
155.446 202.619
148.046 207.176
140.1 209.112
94.9175 293.271
93.0923 286.135
95.7625 281.052
101.391 281.6
114.68 282.025
127.338 287.166
138.732 294.536
128.387 301.597
116.321 303.671
104.765 304.883
99.671 304.219
95.3641 300.266
100.486 291.001
104.218 290.795
118.096 291.031
117.902 293.846
104.438 292.751
100.468 292.876
