123.366 209.516
134.116 197.679
149.596 191.08
166.735 189.882
182.341 193.59
218.952 191.933
230.609 189.439
242.544 189.441
253.54 192.973
262.327 199.929
203.995 230.234
206.948 246.284
210.156 262.138
213.244 277.544
195.451 298.008
204.058 299.09
212.894 298.847
219.967 298.029
226.46 296.95
145.107 234.869
156.102 228.432
167.465 228.429
177.13 236.209
166.754 239.525
155.786 239.103
224.452 235.099
233.619 228.398
244.032 228.035
253.619 233.973
244.452 237.881
234.565 238.111
184.114 335.723
191.584 325.36
201.851 317.632
215.131 316.204
226.221 316.813
235.442 323.46
240.751 333.233
234.972 341.279
226.188 344.93
216.226 345.388
204.562 344.889
193.548 341.199
202.586 330.295
214.956 329.153
225.011 329.471
225.295 331.441
215.82 331.284
202.969 331.407
