187.689 234.309
198.573 227.791
209.777 222.875
222.104 222.022
234.768 224.732
265.028 221.727
270.08 217.735
275.417 215.519
280.793 216.765
285.899 220.58
254.313 252.025
260.64 265.079
267.456 277.963
273.526 291.874
242.135 308.383
252.639 309.41
262.036 309.528
270.312 307.442
276.187 304.607
197.565 254.962
209.041 247.704
218.71 246.726
226.083 254.656
217.734 258.624
208.027 258.769
261.194 251.664
268.093 243.138
275.621 239.487
281.842 244.203
277.886 250.473
270.092 251.725
218.686 339.849
232.045 330.256
245.416 323.609
259.974 321.527
266.761 320.282
272.786 322.796
272.837 329.934
271.877 340.628
267.4 348.372
259.346 353.28
244.715 353.833
230.078 349.391
241.519 332.628
259.339 330.543
266.024 329.22
265.758 340.098
257.536 344.547
240.165 346.213
