177.237 212.289
188.13 203.72
201.482 200.737
215.068 201.789
228.141 205.349
258.154 206.724
261.74 203.623
265.889 201.303
270.406 200.359
274.952 200.931
246.115 232.155
250.794 243.84
256.3 254.42
261.505 265.189
240.325 284.079
247.681 285.522
254.792 286.24
260.018 284.917
263.669 282.959
195.722 233.258
204.505 229.275
213.988 228.826
220.299 236.468
212.164 238.067
203.399 237.597
255.703 235.693
261.669 228.441
268.975 226.844
272.953 231.502
269.628 235.488
262.655 236.464
219.979 314.395
231.111 307.72
243.043 302.771
256.03 301.199
262.3 300.519
267.426 304.482
269.195 310.588
267.097 315.776
262.873 319.711
256.884 322.166
244.427 322.177
231.62 319.933
241.414 311.487
255.917 310.056
261.085 310.142
261.982 310.806
257.025 311.584
241.874 312.715
