122.912 262.571
138.558 256.799
154.982 253.569
171.636 254.255
187.414 258.922
227.501 257.489
239.907 252.098
253.758 251.211
266.71 254.309
276.49 262.082
206.513 282.186
207.524 299.208
209.273 315.991
210.935 333.035
185.704 347.239
196.849 349.855
208.512 350.872
217.626 348.927
225.043 345.214
139.125 284.429
151.789 276.709
164.632 276.361
173.754 287.26
162.869 290.222
150.677 289.102
228.729 286.444
237.643 275.031
249.5 273.811
259.639 280.097
252.315 287.551
240.275 288.017
166.785 376.364
180.306 373.136
193.128 368.04
206.471 370.145
216.165 367.241
224.912 369.423
233.603 371.359
225.463 381.455
217.634 389.298
205.824 393.082
191.673 391.066
179.008 384.905
190.122 377.344
206.115 379.201
217.226 376.111
217.883 376.504
206.078 378.879
190.789 377.423
