90.9641 171.543
100.066 162.965
113.46 160.556
126.949 162.787
139.085 167.954
184.143 173.229
198.909 171.074
214.295 172.254
229.105 177.493
240.87 187.243
156.722 198.873
153.999 212.901
151.201 226.673
148.391 240.945
132.128 259.76
139.285 261.806
146.838 263.186
156.255 263.404
164.748 262.656
102.795 200.619
113.957 195.185
125.847 197.672
133.694 206.243
122.505 208.048
111.083 206.834
183.235 212.439
194.506 204.418
207.044 205.121
217.454 212.538
206.721 216.516
194.73 216.06
117.432 289.857
125.114 282.141
135.418 277.858
145.901 279.342
158.963 279.673
171.129 285.832
182.955 294.139
171.19 303.621
158.442 309.791
144.426 310.312
132.694 307.601
123.198 300.391
134.04 291.363
145.415 292.317
160.094 293.065
160.506 293.347
145.18 294.067
133.707 292.435
