78.7332 184.8
81.7267 179.684
86.4859 178.32
91.7854 178.964
96.4381 181.347
116.571 171.307
131.015 166.387
146.378 165.469
160.94 169.944
171.909 179.83
104.635 213.666
98.2163 228.414
91.2702 242.537
83.7995 257.343
87.6466 271.834
90.9451 274.025
95.689 275.112
102.802 274.302
110.784 272.612
82.9303 216.313
84.8589 208.916
92.2781 210.206
98.8425 218.015
92.1425 220.005
85.8837 220.169
130.631 213.587
133.569 202.077
143.628 202.388
153.371 207.038
145.381 211.439
137.084 213.545
89.9854 303.02
88.1046 297.255
91.2577 292.276
97.0103 293.649
110.086 291.715
122.476 294.445
133.477 299.019
123.182 304.875
111.644 308.898
99.4985 311.107
94.2875 310.241
90.759 307.447
94.9919 301.752
99.0692 301.196
112.993 299.601
112.252 300.366
98.2751 301.727
94.5516 302.115
