148.531 258.885
159.679 249.939
173.466 244.726
187.913 243.86
201.64 245.401
237.414 244.132
244.657 238.936
252.903 235.023
261.667 233.018
270.315 233.931
226.927 270.653
232.433 284.711
238.114 298.68
243.422 312.385
222.953 330.659
233.013 331.381
242.474 330.621
249.184 327.75
254.367 323.261
167.699 279.475
179.065 272.942
190.951 270.868
200.293 278.459
190.888 283.462
179.212 284.058
243.679 271.884
251.4 262.463
260.843 259.445
268.998 262.693
263.91 270.183
254.328 272.18
202.383 362.969
215.22 356.625
228.444 350.436
243.275 349.312
250.309 346.43
258.295 347.269
265.495 349.322
261.925 359.767
256.182 368.663
246.332 372.933
231.367 373.895
216.692 370.277
227.31 361.44
244.808 359.321
253.835 356.222
254.585 356.556
245.221 360.055
227.7 362.031
