115.58 171.686
131.807 164.087
149.994 162.07
167.436 162.788
184.082 168.168
230.129 168.178
242.425 163.061
255.616 161.262
269.6 162.55
281.321 168.907
209.576 199.831
212.192 217.723
215.308 235.01
218.411 252.39
187.071 274.06
200.328 276.142
214.322 276.953
225.481 275.307
235.894 271.772
134.614 203.709
147.903 195.464
162.854 196.277
173.08 208.225
159.897 211.988
146.248 210.318
236.25 208.416
245.219 197.842
258.451 194.923
269.371 202.969
260.559 210.269
248.328 211.009
172.203 310.727
185.8 306.053
199.611 300.425
214.459 301.137
224.828 298.68
235.374 301.738
246.744 306.086
237.756 316.159
227.685 324.803
214.805 328.567
199.192 327.049
185.317 319.906
197.017 310.702
215.082 311.258
228.649 308.66
229.185 309.46
214.746 311.661
196.626 311.616
