202.293 222.962
210.774 216.94
222.032 213.346
233.535 213.117
245.018 214.533
281.503 222.488
282.981 219.542
285.006 217.399
286.277 215.867
288.498 213.851
261.147 253.346
265.22 269.487
271.055 284.219
277.411 299.53
248.432 318.62
258.194 322.169
267.333 323.496
272.604 320.818
275.597 316.465
208.198 253.451
219.495 245.871
231.519 245.727
236.593 256.061
229.144 260.137
218.554 259.885
265.012 256.298
270.514 247.483
279.127 244.704
283.408 250.432
280.479 258.462
272.745 260.151
228.93 353.122
240.608 345.857
252.602 340.494
265.73 339.267
269.549 338.505
270.636 341.913
267.915 346.442
268.254 354.183
266.036 360.382
260.33 363.713
249.301 363.698
238.404 360.101
246.416 349.605
262.205 347.878
265.948 347.151
264.154 349.659
259.627 352.038
246.546 353.502
