110.756 189.874
122.444 183.482
136.634 181.156
150.285 184.232
163.321 190.187
204.57 196.109
218.626 193.398
233.018 193.905
246.334 200.105
256.307 209.993
179.074 224.6
177.234 240.182
175.512 255.863
174.128 271.18
154.996 283.138
163.956 286.613
172.698 288.589
181.501 288.263
190.653 287.063
122.621 219.966
134.326 215.127
146.092 217.667
154.453 226.765
143.583 228.169
132.015 226.465
201.944 232.854
212.285 225.832
223.844 226.628
234.084 233.879
223.858 237.573
212.606 236.558
135.574 310.524
147.149 306.748
160.005 304.736
172.659 307.453
184.435 307.05
195.769 311.216
206.854 316.893
195.948 322.899
184.108 326.83
171.201 326.869
158.039 323.949
146.158 318.207
154.684 313.458
171.757 315.757
186.386 315.804
186.793 316.094
172.052 315.376
155.175 313.185
