84.6077 228.87
92.8785 219.975
103.73 215.12
116.087 215.071
127.998 218.723
171.638 218.484
184.963 213.652
199.295 211.324
214.275 213.707
227.406 220.987
150.256 245.795
149.003 261.464
147.746 277.256
146.514 292.542
135.187 306.569
141.558 309.856
149.671 311.056
159.397 309.493
168.274 306.532
99.1282 249.176
108.528 242.39
120.565 244.548
129.693 252.201
118.474 254.971
107.355 254.646
181.36 251.099
189.212 242.144
201.585 241.023
213.69 247.672
203.607 252.797
192.18 253.433
125.917 336.456
132.179 328.383
140.75 323.712
150.305 324.45
163.833 324.278
176.603 329.736
190.112 335.46
178.697 346.218
166.179 354.066
151.806 356.501
140.368 353.914
131.825 346.065
138.262 333.213
150.996 332.434
169.258 333.199
169.238 339.732
151.006 341.537
138.287 340.047
