152.67 247.417
163.275 239.422
175.639 235.606
188.819 234.277
202.386 234.968
238.359 237.176
245.311 234.506
252.175 233.42
258.912 232.973
264.004 235.512
222.051 261.409
225.153 275.131
228.697 288.867
231.579 302.669
210.341 318.523
218.303 319.76
225.895 319.744
231.726 318.791
235.761 316.278
169.896 264.919
179.871 258.781
190.178 257.8
197.311 266.428
188.725 269.238
178.758 268.648
236.643 264.552
242.753 256.524
250.411 254.93
256.751 260.767
251.535 265.11
244.088 265.725
194.237 345.878
204.368 339.527
214.52 333.555
226.081 333.257
233.638 331.174
240.288 334.357
244.013 339.354
240.505 346.119
235.068 350.711
227.314 352.685
215.926 353.198
204.73 350.758
216.153 341.384
226.644 340.56
233.853 339.395
233.702 339.96
226.191 341.615
216.214 342.329
