111.726 179.375
121.278 175.115
132.005 173.729
142.506 174.808
152.977 177.561
200.246 177.002
211.712 174.04
223.079 172.063
234.773 173.06
244.686 177.058
180.016 206.603
180.68 221.824
181.319 236.923
181.635 251.575
163.403 263.964
171.455 266.062
180.393 266.989
190.117 265.688
198.736 262.896
121.911 208.642
131.252 202.566
142.225 203.534
151.11 212.212
141.241 214.452
131.096 213.488
206.22 211.048
214.227 202.135
225.999 201.281
236.675 207.282
227.37 212.921
216.499 213.431
152.192 293.07
160.602 286.359
170.419 281.772
180.985 283.092
191.557 281.738
201.308 286.319
211.466 292.154
202.392 297.904
192.459 302.748
182.044 304.079
171.343 303.685
161.37 299.782
169.839 290.351
181.372 291.218
192.182 290.785
192.903 291.805
182.003 292.354
170.529 291.557
