94.8991 263.637
103.13 257.077
113.661 254.484
124.387 254.911
135.009 258.048
180.069 257.972
192.796 255.332
205.545 255.075
218.154 258.762
228.774 265.983
156.043 285.007
153.988 300.739
151.743 316.381
149.378 332.085
137.362 346.533
143.578 348.801
150.89 350.138
160.506 348.838
168.863 346.565
106.485 284.098
116.757 276.88
128.695 278.914
136.483 288.924
125.422 291.152
114.486 290.012
181.173 289.636
189.826 279.23
202.7 278.626
214.6 285.33
204.078 290.364
192.222 291.491
126.722 374.104
134.309 367.299
142.651 363.201
151.572 365.082
163.338 363.669
174.283 368.696
184.777 375.44
174.883 382.868
164.439 387.974
152.251 389.29
141.955 387.737
133.4 381.885
142.422 374.447
151.656 375.237
164.755 374.53
164.973 374.688
151.836 375.054
142.377 374.635
