91.4426 231.153
100.842 224.184
112.893 221.959
124.782 223.381
135.365 228.61
172.357 228.612
186.666 223.082
202.25 221.904
218.145 224.382
231.654 232.126
153.349 258.155
152.457 275.47
151.776 292.55
151.213 309.415
140.245 324.415
146.921 327.079
154.238 328.022
163.429 326.352
171.844 323.014
102.436 257.676
112.394 251.283
124.078 252.904
133.109 261.663
122.036 264.614
110.479 264.056
181.804 261.819
190.844 252.172
203.975 251.557
216.369 257.953
205.86 264.328
193.185 265.004
131.989 354.805
138.336 347.425
146.697 343.724
155.616 345.401
167.191 343.673
178.06 347.035
188.292 353.049
180.578 362.055
169.442 367.463
156.938 368.729
146.237 368.099
137.237 363.1
147.534 353.816
156.209 354.06
168.067 353.08
167.743 352.931
155.945 354.211
147.441 353.677
