130.72 219.929
142.02 213.156
155.059 210.864
168.067 210.985
180.256 214.092
215.831 214.361
225.371 210.427
235.502 209.485
246.075 210.769
254.864 216.126
198.376 235.35
200.281 249.587
202.509 263.769
204.449 278.122
187.215 294.085
194.885 295.864
203.079 295.943
209.699 295.097
215.801 292.924
143.994 238.315
154.904 233.344
166.47 232.976
174.709 241.421
164.658 243.81
153.785 243.262
216.528 240.044
224.132 232.811
234.08 231.401
243.48 236.231
235.52 241.785
225.914 242.618
171.096 323.333
181.822 316.971
192.073 311.592
204.016 311.504
212.992 310.099
220.662 314.263
225.88 321.425
220.7 330.495
213.11 336.342
202.978 338.394
191.044 337.446
180.727 331.205
190.619 321.728
203.651 321.334
212.819 321.077
212.766 322.209
203.363 323.283
190.586 322.774
