108.373 201.474
119.484 195.267
132.514 193.942
144.953 195.625
156.761 199.526
198.656 199.14
211.649 195.739
224.927 194.523
238.189 197.242
248.868 204.715
177.935 227.975
177.838 242.433
177.795 256.767
177.666 271.552
163.508 283.861
170.247 285.741
177.927 286.552
185.771 285.838
193.033 284.005
119.66 228.28
131.23 222.552
144.432 223.672
153.742 232.792
141.925 235.557
129.462 234.811
203.071 232.407
212.576 224.145
225.253 223.247
236.588 228.724
226.836 234.845
214.759 235.397
143.907 310.589
154.927 305.137
165.721 300.132
177.523 301.612
189.631 300.443
200.566 305.549
211.628 310.157
202.289 320.357
191.509 328.514
177.729 330.569
164.112 328.497
153.248 320.555
162.799 310.421
177.403 311.649
192.502 310.07
192.63 312.373
177.691 314.275
163.036 312.317
