101.51 214.573
111.438 206.054
124.719 202.802
138.506 203.274
151.463 207.147
196.568 204.687
211.729 198.553
228.283 196.993
244.191 200.976
256.505 211.952
175.052 238.27
174.859 256.77
174.456 275.589
174.508 293.962
158.812 305.773
166.791 308.857
175.443 310.191
185.737 307.826
194.851 303.396
120.163 240.163
130.126 232.112
142.413 232.34
152.023 242.045
141.594 246.138
129.548 246.093
203.361 238.743
212.162 228.18
225.356 227.322
236.419 235.068
226.239 240.998
214.393 241.525
147.783 337.543
155.307 330.376
164.405 324.98
175.019 327.322
187.037 324.802
197.842 330.249
207.508 336.471
199.319 346.963
188.858 354.258
176.412 356.138
164.746 354.455
154.951 347.623
165.581 337.885
175.825 338.243
188.424 337.162
187.681 338.817
175.816 341.032
165.709 339.801
