91.3731 180.008
95.0403 180.707
97.9449 182.68
100.709 185.998
102.111 188.912
119.896 179.211
129.986 172.757
141.446 169.84
153.017 171.483
164.825 176.856
116.821 218.122
115.984 231.949
113.599 245.174
111.102 258.987
112.823 277.843
118.375 278.692
123.062 278.316
130.261 277.016
137.713 274.04
96.2585 218.238
99.4227 210.06
107.634 211.61
113.879 221.032
107.179 224.94
99.4895 224.435
137.164 216.519
141.285 204.935
151.663 203.957
161.445 209.124
153.791 216.496
144.331 218.695
115.089 308.805
114.636 302.345
118.579 298.077
124.509 298.759
137.463 296.845
150.106 298.916
158.926 302.99
148.654 307.444
137.531 310.188
128.087 311.197
122.994 311.769
117.711 311.683
121.503 305.982
126.408 305.532
139.436 303.809
138.935 303.375
126.141 304.376
121.364 306.227
