129.91 262.967
140.336 257.319
153.203 255.125
165.969 255.738
178.397 259.306
211.648 254.318
222.5 246.794
234.714 242.133
248.533 241.16
259.782 245.021
201.322 277.845
204.109 292.212
207.569 306.216
210.924 320.206
195.85 336.459
204.273 336.495
213.175 335.764
221.421 333.606
227.859 330.317
145.761 286.797
154.915 279.806
166.758 278.063
176.107 285.332
166.481 289.14
155.326 290.293
224.9 278.109
232.538 268.404
242.767 264.872
253.618 268.599
245.804 274.37
235.536 277.029
178.891 367.618
190.651 360.132
202.344 352.75
216.166 351.076
225.99 348.168
235.684 350.882
243.172 355.041
239.063 365.902
230.878 373.564
219.638 377.649
205.435 378.454
191.685 375.018
199.657 364.055
217.76 361.24
229.547 358.971
229.315 360.73
217.312 363.449
199.628 365.769
