183.135 169.736
195.543 165.596
207.859 164.413
219.814 165.626
231.436 169.247
253.088 173.271
257.7 170.73
263.1 168.099
268.356 167.144
273.474 168.827
244.391 202.366
249.582 212.584
254.311 222.306
258.621 232.402
237.505 251.459
242.983 252.193
247.653 252.398
251.849 252.283
255.076 250.373
195.405 198.33
205.965 192.862
215.752 192.067
220.358 200.128
214.803 203.312
205.487 202.975
251.555 201.62
257.489 194.928
265.317 192.671
267.383 199.186
264.554 204.286
258.225 203.965
214.176 282.239
224.949 275.108
236.133 269.197
248.048 268.239
252.909 268.044
255.607 273.151
253.367 279.07
253.649 286.048
251.284 292.373
245.732 295.698
234.035 294.384
223.116 289.859
235.153 278.643
245.822 277.819
249.589 278.331
248.724 281.822
244.696 282.81
234.086 282.682
