182.651 195.729
193.416 191.906
204.237 189.061
215.308 189.581
225.888 191.898
251.206 196.974
255.914 195.574
260.781 194.794
264.542 195.247
267.655 198.275
239.691 224.261
246.071 236.449
252.892 248.276
259.617 260.438
235.75 280.779
243.492 281.601
249.992 281.812
253.235 280.416
255.959 277.991
192.655 223.463
202.26 220.068
211.015 219.432
216.038 227.658
208.564 229.204
200.097 227.193
247.999 228.997
254.883 222.836
262.1 221.424
265.207 226.655
262.386 230.116
255.671 230.273
215.022 309.803
227.165 303.923
238.947 298.554
251.453 298.359
257.25 296.85
261.093 300.643
258.952 306.63
258.777 312.804
255.418 317.321
251.169 318.949
239.229 318.26
227.431 315.298
235.703 308.135
249.841 307.566
255.662 307.402
256.33 308.348
250.578 307.827
236.86 309.104
