85.9985 250.399
94.2451 242.894
106.08 240.822
118.152 242.264
130.173 245.59
175.857 244.569
190.696 242.011
205.543 240.209
220.394 244.299
231.255 253.513
152.642 272.959
150.37 288.969
147.452 304.707
144.475 321.123
129.558 330.986
137.277 334.84
146.093 337.169
157.439 336.591
168.032 334.079
96.9889 273.959
106.347 266.253
118.423 267.823
127.326 277.512
116.338 279.064
105.706 278.811
182.926 278.28
191.033 268.082
204.048 267.891
216.076 275.414
205.071 279.985
193.669 280.875
119.772 357.825
127.023 352.387
135.367 349.183
143.952 351.513
157.581 351.388
170.394 358.067
184.792 364.244
172.488 372.598
159.512 377.707
145.224 378.788
133.963 375.567
125.949 368.094
134.221 358.362
144.535 359.712
161.296 361.009
161.466 363.739
144.71 364.078
134.056 361.033
