74.1256 192.662
80.0174 190.496
86.2739 192.122
92.9989 194.179
99.4151 197.531
124.221 192.604
138.001 187.639
152.462 186.006
166.976 188.431
179.144 196.211
111.542 222.426
106.233 237.343
100.177 251.966
94.3395 266.902
94.5988 280.46
98.4908 282.108
103.839 282.792
110.719 282.841
118.989 282.75
82.5425 223.553
86.5125 215.851
96.1672 218.187
102.412 226.945
94.4067 228.77
86.1607 228.165
139.517 225.937
144.334 215.189
156.279 216.475
167.638 222.109
158.583 227.532
147.717 228.859
96.8171 310.521
95.5267 303.407
99.1243 299.506
104.231 300.946
117.256 300.629
129.283 304.953
140.546 310.826
131.307 318.845
120.394 322.383
108.475 323.284
102.4 320.891
98.0014 316.421
102.896 310.5
106.612 311.277
118.688 310.566
118.645 312.075
107.219 311.79
103.225 310.44
