126.988 236.375
140.226 229.936
154.6 228.168
168.528 229.933
182.004 235.1
214.406 233.545
224.18 227.47
234.61 224.363
245.746 223.905
255.772 228.93
200.148 253.826
202.039 269.229
204.326 284.451
206.499 299.863
187.869 312.479
195.965 314.459
204.469 314.849
211.683 313.814
218.65 311.435
146.055 257.242
156.999 252.225
168.403 252.677
176.404 260.623
166.697 264.12
155.584 263.581
218.315 258.68
224.801 250.381
235.065 248.337
244.08 252.485
237.737 259.349
227.686 260.967
167.987 334.953
180.045 331.899
191.481 329.028
203.548 329.692
212.188 327.99
220.343 329.799
227.765 333.291
220.729 340.974
212.923 346.904
202.849 349.643
190.307 348.195
178.867 342.965
188.228 336.077
202.963 336.402
213.531 335.116
213.562 336.008
203.197 337.49
188.492 336.924
