119.582 251.373
130.024 241.388
143.729 235.285
158.587 235.092
173.001 236.634
222.963 235.384
232.521 231.19
242.754 229.704
252.963 229.835
263.624 232.154
202.324 257.246
204.868 272.13
208.007 286.521
211.104 301.44
191.031 324.803
200.213 325.764
210.447 325.603
218.368 324.072
226.081 322.239
139.638 269.572
149.674 262.469
161.636 261.192
171.39 268.636
161.867 273.123
150.245 273.558
226.6 264.235
234.945 256.389
245.677 254.666
255.073 259.744
247.343 265.159
237.082 266.027
171.686 356.93
184.442 350.099
196.514 344.405
210.185 344.236
220.329 341.966
230.427 344.826
239.238 350.675
233.774 363.07
223.9 372.133
211.124 375.832
195.998 374.784
182.662 367.837
192.593 357.154
210.103 356.882
224.611 354.617
224.876 356.711
210.426 359.02
192.733 359.087
