164.204 193.62
174.17 189.133
185.016 186.563
196.319 185.781
206.632 187.768
244.08 188.443
250.517 185.202
257.051 183.284
264.183 182.39
271.022 184.472
228.226 213.94
231.379 226.699
234.857 239.267
237.994 251.939
217.068 273.054
226.096 272.969
234.859 272.752
240.529 271.415
244.298 269.94
174.124 213.328
184.368 209.094
195.003 208.586
201.162 216.683
192.806 219.349
182.759 218.354
241.697 215.545
248.046 208.076
257.253 206.295
263.725 211.936
258.413 217.459
249.824 217.805
199.212 305.101
210.909 298.998
222.257 292.571
235.225 291.467
241.79 289.767
247.665 294.037
249.601 300.329
246.02 307.9
240.498 313.281
232.946 315.814
220.874 314.931
210.175 310.854
222.2 301.491
234.787 300.257
239.634 299.913
238.941 301.732
233.801 302.348
221.616 303.25
