114.189 266.443
125.462 260.269
138.828 257.567
152.348 259.366
164.802 264.248
198.436 261.65
209.85 256.601
222.422 253.935
234.68 255.69
245.164 262.259
182.977 284.91
183.837 300.383
184.701 316.209
185.533 331.925
167.082 341.643
175.42 345.221
184 346.825
191.796 345.637
199.063 342.417
128.067 287.357
137.573 280.953
149.121 281.637
157.708 289.68
147.965 292.103
137.301 291.963
203.552 289.66
211.317 280.228
222.691 279.11
232.673 285.335
224.076 290.272
213.734 291.613
151.507 370.381
161.018 366.035
170.886 362.577
181.42 364.243
190.801 363.441
199.244 367.732
206.738 373.322
198.652 379.127
190.207 382.802
180.293 384.029
169.651 382.172
159.755 377.701
168.569 371.535
180.851 372.176
191.838 372.15
191.554 371.872
180.733 371.895
168.888 371.076
