95.015 188.054
100.741 185.457
107.304 186.022
114.3 187.244
121.28 190.368
153.469 188.239
165.922 185.287
178.495 184.113
190.906 186.193
202.752 191.034
139.754 219.337
136.792 234.089
133.278 247.877
130.124 261.237
125.571 279.28
130.346 282.055
136.396 283.357
142.659 282.634
149.443 281.639
103.628 217.488
109.338 211.323
117.698 212.567
123.947 220.448
115.866 222.192
108.72 221.917
161 221.666
167.78 212.978
177.625 213.096
188.434 218.74
178.859 223.225
169.415 224.161
117.919 306.065
120.236 299.36
126.274 295.133
132.88 297.299
144.285 297.653
154.115 304.526
164.03 310.232
154.609 315.504
143.932 318.562
133.723 318.403
126.964 316.13
121.548 311.811
126.887 304.917
133.266 305.9
144.361 307.004
145.151 307.762
133.959 307.336
127.331 305.547
