83.1665 216.523
90.7737 213.449
99.5244 214.215
108.08 216.384
115.347 220.69
150.813 221.572
164.812 218.529
178.902 218.554
192.667 222.367
202.855 231.466
129.388 251.285
126.393 266.177
122.547 281.141
118.539 295.995
112.463 311.189
117.396 313.573
122.789 314.712
131.504 315.174
139.591 313.889
87.967 249.635
95.8275 243.314
105.589 245.214
112.126 253.97
102.771 255.427
93.4751 254.737
158.063 257.799
165.44 249.131
177.3 249.364
188.581 256.606
177.927 260.248
167.178 261.023
101.62 340.039
107.793 334.607
114.958 332.013
121.708 333.599
134.587 334.315
146.219 339.177
158.668 345.428
146.439 350.616
134.031 354.024
120.778 355.327
112.369 353.088
106.157 347.122
113.892 341.093
121.456 342.077
137.276 343.251
136.913 343.24
121.262 342.786
113.463 341.579
