183.891 226.048
194.882 218.205
207.677 214.24
220.507 212.861
232.766 215.046
263.6 209.878
267.944 206.838
273.624 206.337
278.974 207.459
282.79 210.941
247.908 243.975
252.708 255.828
257.223 267.535
261.924 279.207
245.866 299.899
252.639 300.931
259.286 300.284
262.195 298.686
263.69 295.974
196.895 245.965
205.943 241.002
216.154 238.898
222.986 245.988
216.06 249.814
206.286 249.835
257.079 244.395
263.583 236.619
271.942 233.764
276.672 239.177
273.246 245.005
265.266 246.043
229.822 332.034
238.708 324.806
247.996 318.176
259.567 317.027
263.157 315.33
266.961 319.382
266.836 326.918
266.958 332.873
263.096 336.573
258.182 338.884
248.869 339.144
239.3 336.648
249.034 327.943
258.773 326.302
261.966 325.703
261.051 326.35
257.949 327.63
249.062 328.485
