126.13 225.398
139.438 219.39
153.96 218.146
168.178 220.195
182.069 223.866
217.291 224.332
228.282 221.301
239.65 219.455
250.864 219.979
259.719 226.39
200.871 249.029
202.73 265.201
204.58 281.678
206.455 298.066
186.573 309.806
195.186 312.911
204.462 313.986
212.612 312.857
219.911 309.064
143.917 248.424
155.065 242.097
167.608 243.137
175.998 253.388
164.728 255.653
153.541 254.308
217.833 254.16
225.979 245.488
237.118 243.605
246.032 250.045
238.404 256.143
228.154 256.312
170.023 334.779
180.814 332.167
191.542 329.321
203.479 330.647
211.97 329.66
219.791 332.204
227.378 335.459
221.018 343.228
213.126 349.152
203.143 351.314
190.363 349.998
179.193 343.854
189.935 337.944
203.201 339.419
213.228 338.092
213.405 339.408
203.378 340.712
189.683 339.596
