112.419 207.07
125.905 195.763
143.097 189.385
161.191 189.694
177.745 194.953
226.317 195.301
239.02 189.849
253.036 188.397
266.956 192.07
277.55 200.161
206.436 226.572
209.556 246.235
212.828 266.121
215.888 286.119
191.579 301.853
201.564 305.42
212.939 306.712
222.242 304.692
230.337 300.617
137.991 231.396
150.079 225.029
163.451 224.182
173.475 232.59
162.146 236.647
149.782 235.815
230.883 232.034
240.415 223.597
252.724 222.267
263.027 229.347
253.443 234.176
241.978 234.214
169.06 338.156
182.54 331.047
196.743 326.073
211.848 327.05
223.518 325.027
234.556 328.871
243.8 335.372
235.365 345.62
225.051 352.508
212.043 354.303
196.698 352.722
182.06 347.284
195.333 337.74
211.629 338.474
224.34 337.13
224.004 338.068
211.392 338.846
195.277 337.909
