88.3586 215.313
99.1213 208.809
111.317 206.607
123.678 207.834
135.352 211.486
171.285 211.8
187.118 208.527
203.267 208.237
218.666 213.213
233.625 220.551
152.56 240.446
150.271 256.508
147.772 272.761
145.627 289.233
132.693 304.773
139.796 307.758
148.139 308.634
157.832 308.079
166.981 305.756
100.068 240.876
109.896 233.478
123.068 235.743
131.608 245.565
120.004 248.143
108.408 247.501
181.369 245.369
191.159 235.633
205.335 236.08
216.61 244.063
205.286 249.621
192.474 249.904
119.801 337.757
127.417 329.539
136.901 324.833
147.285 325.936
161.159 325.84
174.096 331.847
186.346 339.613
174.412 348.4
161.416 353.993
146.98 355.404
135.661 353.291
126.857 346.692
138.52 336.992
147.586 337.848
161.115 337.934
161.013 338.81
147.372 339.191
138.461 338.221
