82.3214 210.047
85.4734 207.956
89.4975 208.184
93.6597 209.428
97.6052 210.664
132.584 203.33
145.126 200.3
158.231 200.062
170.495 204.071
180.103 210.988
116.068 237.042
110.991 251.329
105.086 265.984
98.932 281.003
97.7289 296.385
102.685 298.194
108.396 299.21
117.282 298.559
126.719 297.129
90.3813 239.318
93.8591 232.038
102.479 233.826
110.14 241.322
101.402 243.103
93.8585 243.062
143.438 239.072
148.123 228.122
159.542 227.664
170.593 233.588
161.917 238.5
151.693 240.697
101.377 327.397
100.356 322.583
104.846 318.811
110.976 319.955
124.453 318.754
137.938 321.336
151.627 324.149
141.516 334.52
128.82 340.571
114.325 342.274
107.375 339.427
103.435 333.778
108.257 328.543
113.47 329.405
128.443 327.257
127.761 328.991
113.262 329.863
107.818 329.308
