99.4183 151.714
111.212 144.35
125.864 141.755
140.155 144.529
153.894 149.057
208.264 154.196
223.252 151.213
238.231 151.205
253.032 155.311
264.799 163.893
180.684 187.216
180.576 202.954
180.569 218.593
180.601 233.998
160.362 252.522
169.583 253.054
179.441 253.663
189.368 253.548
198.021 253.448
113.875 183.264
126.642 175.29
140.692 177.088
149.016 189.212
136.668 191.335
124.429 189.582
208.741 193.283
219.304 182.884
232.572 182.717
243.141 191.474
232.437 196.91
220.76 196.816
144.797 285.275
154.595 275.304
166.329 268.7
178.714 270.521
191.768 269.466
203.043 276.959
211.2 287.059
202.063 295.137
190.095 299.072
177.525 299.351
165.043 297.919
153.384 293.637
165.366 281.601
178.125 282.182
191.546 282.186
191.679 283.437
177.881 283.455
165.084 282.998
