88.4403 219.846
91.7026 214.194
96.8823 212.99
102.514 214.648
107.408 217.247
133.77 208.558
149.446 205.701
164.77 205.197
179.217 209.434
190.42 219.262
118.987 252.299
113.386 267.026
107.652 280.627
101.91 295.062
104.291 309.704
108.179 310.886
112.255 311.045
118.674 310.9
127.372 310.469
96.5106 253.041
97.484 244.27
106.768 246.261
113.619 255.848
105.982 258.665
98.5915 259.092
147.696 254.527
151.762 242.333
163.751 243.656
175.156 250.042
165.936 256.242
154.883 258.007
104.676 337.542
104.365 333.704
107.6 329.839
113.113 330.321
124.94 330.191
135.833 334.454
145.355 339.861
136.729 344.42
126.499 348.244
115.11 350.209
109.334 348.546
105.854 343.288
109.824 339.041
114.661 338.943
127.894 338.411
126.717 339.119
113.352 339.298
108.966 338.702
