91.1435 214.169
100.272 205.513
113.073 202.185
125.863 203.371
137.888 208.341
178.586 207.755
193.72 204.145
209.156 203.972
224.029 208.667
234.99 219.306
154.769 232.344
153.211 249.673
151.378 266.919
149.394 284.002
132.316 296.671
140.292 299.836
148.896 301.266
159.276 301.03
169.06 298.87
102.841 235.823
112.083 229.644
123.016 230.342
130.759 237.045
121.338 238.73
111.953 238.201
182.59 239.607
191.595 233.19
203.089 234.189
213.033 240.726
202.315 242.059
192.102 241.77
118.207 324.266
127.839 319.277
138.054 316.259
148.292 318.438
161.369 317.543
173.748 322.877
185.867 329.541
174.379 337.223
161.629 341.608
148.01 342.342
135.781 340.282
125.916 333.528
136.169 326.317
148.304 327.597
163.359 328.371
163.216 330.164
148.386 329.817
135.985 328.639
