92.8999 195.17
101.697 188.33
113.082 187.225
124.381 189.393
134.478 195.068
176.25 194.846
189.599 189.11
204.172 188.292
218.154 193.38
228.202 203.96
152.509 227.683
150.172 242.442
147.422 256.54
144.725 271.031
133.035 289.77
139.361 291.209
146.136 292.143
154.131 292.038
161.986 291.345
101.218 228.342
110.602 223.455
120.942 224.417
128.628 230.893
119.429 233.442
109.361 233.195
180.712 233.652
190.218 226.713
201.684 226.946
211.663 232.461
201.742 237.328
190.7 237.015
122.357 321.013
130.209 315.559
137.761 310.91
146.14 312.475
156.512 311.55
165.607 316.963
176.429 322.023
166.738 328.265
156.861 331.883
146.244 332.679
137.026 331.675
128.717 327.61
138.222 319.421
146.435 320.067
156.636 319.6
156.561 319.593
145.951 320.244
137.435 320.12
