79.9147 232.573
89.8841 224.536
102.013 220.873
114.346 220.11
126.227 222.23
179.674 215.047
197.014 209.889
214.545 209.837
232.21 214.7
246.96 224.065
154.973 255.788
153.863 272.566
152.706 288.912
151.439 305.322
136.852 319.942
144.874 322.664
153.889 323.766
165.751 321.996
176.86 318.84
99.478 259.745
108.75 252.805
120.728 253.879
131.132 261.628
120.223 264.344
108.603 264.55
188.619 257.453
196.696 247.643
209.78 247.016
222.933 253.415
211.217 258.962
199.022 259.958
128.609 353.981
136.692 346.59
146.022 342.283
155.86 343.57
169.984 342.491
183.361 347.454
196.814 353.179
185.298 361.774
172.169 367.962
157.851 370.105
146.404 368.167
136.61 362.267
145.046 352.886
156.224 353.533
173.026 353.075
173.342 354.056
157.039 355.515
144.757 353.952
