149.28 179.301
162.401 171.485
177.967 167.872
193.189 167.711
208.271 170.532
247.54 172.65
253.057 168.904
259.314 166.889
265.751 166.282
271.112 168.868
232.986 197.491
238.437 211.013
244.262 223.954
250.026 237.655
225.886 261.297
234.376 262.07
242.731 262.503
249.708 261.692
255.071 259.58
170.826 201.624
181.917 196.89
193.032 195.917
201.526 202.964
192.397 206.02
181.316 205.745
245.976 202.939
253.417 194.266
261.889 192.784
267.991 198.268
263.243 203.319
254.558 204.305
205.84 293.832
219.621 286.621
232.118 280.33
246.261 280.601
252.51 278.479
258.377 282.555
260.873 290.361
259.418 298.389
254.124 303.818
246.214 306.139
232.125 306.046
218.502 301.901
230.61 291.086
245.705 290.365
252.312 289.909
252.822 291.259
245.788 292.212
231.373 293.296
