86.1568 270.145
95.6522 264.108
107.511 263.835
118.815 265.923
129.913 269.53
179.642 271.688
194.695 269.522
209.217 269.014
224.039 272.646
236.038 281.347
152.057 301.681
150.837 318.7
149.562 335.319
148.231 352.544
131.723 362.242
139.655 364.928
148.637 366.402
159.015 366.052
168.492 365.172
98.1834 298.658
108.849 294.14
119.852 295.998
128.497 304.55
117.477 306.038
106.532 304.466
182.052 308.326
192.585 300.36
205.101 301.387
217.216 306.628
205.779 310.136
193.535 310.708
115.509 385.805
125.752 383.625
136.26 381.606
147.378 384.169
159.896 383.532
171.213 387.657
181.97 393.807
171.627 400.495
159.82 404.295
146.625 404.854
133.228 402.006
123.156 395.412
133.165 389.487
147.442 391.618
162.626 392.091
162.768 393.025
147.862 393.096
133.105 390.241
