108.689 199.796
120.207 194.008
133.522 192.977
147.102 193.632
160.165 197.143
195.627 194.81
208.367 191.131
221.616 189.882
234.616 191.104
245.395 197.101
179.609 220.373
180.061 231.366
180.478 241.874
180.678 252.879
166.038 269.754
172.764 270.258
180.109 270.668
187.738 270.044
194.873 269.047
126.937 224.891
135.462 218.844
146.581 219.556
154.382 226.884
144.974 229.434
134.997 228.978
203.345 225.638
210.508 217.795
221.193 216.195
230.229 222.782
221.974 226.842
212.207 227.678
150.629 300.672
159.014 292.314
168.457 286.944
179.688 287.25
190.632 286.581
200.611 291.171
209.758 299.028
201.074 306.742
190.76 310.393
179.964 311.708
168.926 310.977
158.806 307.727
168.789 297.211
179.659 297.305
191.985 297.385
192.161 297.12
179.754 297.288
168.318 297.425
