92.534 230.309
101.09 223.776
112.396 222.36
124.067 223.225
135.034 226.244
175.928 224.526
189.471 221.395
203.248 220.974
217.273 223.85
229.352 231.072
154.221 252.723
152.406 267.857
150.413 282.814
148.777 298.113
138.182 311.743
144.01 313.805
150.578 314.693
158.803 313.879
166.618 312.166
103.736 252.419
112.832 245.285
124.297 247.242
132.18 256.395
121.489 258.142
111.332 257.572
182.372 256.403
190.129 246.34
202.868 245.976
214.088 252.815
204.612 257.787
193.272 258.727
128.736 342.245
134.545 335.775
142.133 330.792
150.987 332.259
161.976 331.497
171.677 336.919
181.379 343.182
172.765 350.265
162.951 354.735
152.177 355.588
142.632 354.309
134.665 349.596
143.293 341.855
151.106 341.723
162.384 341.486
162.562 342.254
151.745 342.485
143.578 342.105
