76.7947 219.457
82.1942 214.396
89.6685 212.835
97.5431 213.494
105.208 215.709
143.725 208.895
154.999 203.27
167.283 201.356
179.934 203.432
190.882 208.743
125.334 242.011
121.927 257.73
118.26 273.024
114.542 288.084
105.918 301.952
111.8 305.591
119.76 307.221
130.089 305.406
140.221 302.701
84.8275 247.015
90.91 240.022
100.248 240.488
109.014 248.032
100.217 250.571
90.9864 250.878
153.202 243.297
159.254 233.055
170.526 231.567
182.456 235.664
173.688 242.182
162.754 244.619
101.962 330.713
106.087 324.983
112.168 321.437
118.767 322.479
131.925 321.952
143.402 327.571
154.244 332.948
144.008 338.443
132.611 342.069
120.393 343.805
112.493 342.558
106.387 337.84
112.893 330.717
119.837 331.26
133.259 331.105
132.682 332.135
119.723 331.938
112.68 330.981
