132.523 235.895
143.154 229.006
155.712 226.034
167.823 225.669
179.816 228.381
218.274 228.754
229.216 226.732
240.34 228.005
250.819 232.568
258.753 240.8
200.096 255.753
201.023 268.459
202.413 281.244
203.562 293.824
186.192 310.297
193.95 310.989
202.414 311.323
209.522 310.566
216.004 309.187
144.173 261.488
154.394 255.598
165.59 255.712
173.948 262.981
164.201 265.952
154.072 265.608
219.867 264.016
228.943 257.642
239.575 257.418
247.351 264.588
238.701 267.982
229.076 267.301
167.888 337.414
178.079 330.25
189.38 325.798
201.384 325.652
211.044 324.876
220.401 328.568
226.486 336.239
220.667 344.634
211.37 349.817
200.894 351.537
189.04 350.533
177.574 345.499
188.602 334.516
201.492 334.249
211.494 333.606
211.315 338.99
201.121 340.063
188.45 339.539
