122.855 187.563
134.226 177.705
149.634 172.617
166.238 172.994
182.085 176.909
229.249 177.575
238.801 173.364
249.056 172.108
258.897 173.936
266.4 180.162
210.682 212.964
214.893 229.626
219.739 244.891
223.743 259.906
198.285 284.495
208.26 285.424
218.562 285.588
226.404 285.489
233.27 284.803
140.959 218.902
153.733 213.196
166.399 213.51
176.504 220.519
165.675 225.188
152.908 224.604
229.41 220.56
238.526 212.45
249.066 210.956
258.21 217.639
249.787 223.397
239.155 223.757
184.263 326.461
196.161 317.238
207.57 308.57
221.662 307.733
232.407 307.105
240.765 314.634
245.24 325.11
240.284 334.454
230.957 339.184
220.268 339.92
206.897 339.494
194.748 334.553
207.217 323.598
221.524 323.718
230.362 323.198
230.768 325.35
221.443 324.773
207.364 324.58
