156.495 239.625
168.336 232.992
181.447 229.408
195.844 229.595
210.298 231.584
245.804 232.596
253.638 229.79
261.791 229.055
269.817 229.977
275.903 234.99
227.733 258.721
230.517 271.583
234.111 283.846
237.308 296.628
215.96 318.131
224.087 319.528
231.939 320.215
237.513 318.91
241.602 316.645
173.566 259.421
184.482 254.419
195.569 253.886
201.882 262.498
192.97 264.858
182.928 263.852
243.041 263.594
250.704 255.709
260.346 254.681
266.775 261.396
260.561 266.57
251.943 266.432
198.165 350.562
209.649 345.066
220.683 339.057
232.789 338.332
239.54 337.275
245.222 342.228
248.181 350.239
242.891 354.261
237.146 357.29
231.39 358.344
219.963 358.134
209.286 354.795
220.994 346.719
232.303 345.919
237.231 345.827
237.344 347.602
233.009 346.596
220.99 347.679
