131.33 260.804
143.274 252.865
156.894 249.84
171.085 250.306
184.374 253.372
216.563 253.381
227.082 250.492
238.265 249.508
249.237 251.617
258.067 258.142
200.909 280.31
202.842 291.558
204.748 302.913
206.285 314.261
189.301 332.466
197.447 332.415
205.278 332.616
212.048 331.774
217.951 330.879
146.143 282.239
155.755 277.047
166.736 277.013
174.033 284.796
164.743 287.318
154.591 286.598
221.947 283.666
229.008 277.043
238.782 276.254
246.318 281.507
238.784 285.337
230.205 285.672
177.723 360.922
185.774 352.771
194.867 345.912
205.542 345.1
215.164 344.759
223.445 350.622
230.082 357.669
222.515 363.106
214.812 366.306
206.238 367.753
196.012 367.098
186.28 364.68
195.303 355.416
205.668 354.615
214.902 354.759
215.301 354.979
206.598 355.026
195.735 355.908
