90.27 216.441
99.3206 208.651
111.277 206.953
122.892 208.73
134.199 213.696
173.08 214.278
188.447 210.486
204.17 210.089
219.772 215.259
233.003 224.903
150.466 239.918
149.556 256.285
148.386 272.309
147.107 288.421
132.827 301.829
139.588 305.28
147.699 306.617
156.634 306.008
165.289 304.039
102.379 240.012
111.759 235.775
122.175 237.341
129.965 244.477
120.298 245.341
110.514 244.505
178.363 247.155
187.728 239.787
199.927 240.013
211.248 246.062
200.105 248.796
188.791 248.859
121.088 329.186
130.06 326.377
138.419 324.488
147.314 326.01
159.067 325.226
170.62 329.192
182.235 333.63
172.038 340.657
160.236 345.821
147.72 346.809
137.427 343.798
129.168 337.429
135.131 332.389
147.484 333.93
162.632 333.957
163.241 334.229
147.857 334.688
135.135 332.557
