176.511 185.044
190.65 177.853
206.318 175.543
222.738 177.446
238.008 182.955
262.936 189.171
267.872 185.807
273.435 183.056
278.539 182.131
283.095 183.772
250.919 215.404
256.626 227.284
262.541 238.708
268.574 250.222
243.529 269.598
252.359 271.078
260.738 271.851
265.99 270.478
269.581 267.486
195.384 212.005
206.504 207.692
218.018 206.667
224.145 216.695
215.341 219.097
205.111 217.092
260.078 219.087
267.172 211.476
276.179 210.307
279.118 216.668
275.256 221.333
267.92 221.222
224.582 299.152
235.49 291.96
247.522 285.474
260.535 285.363
267.741 284.527
271.527 291.341
270.692 298.565
268.966 304.499
265.143 309.081
259.6 311.488
247.212 310.461
235.513 306.216
245.531 297.596
258.636 297.265
264.306 298.081
263.708 296.696
258.394 297.375
245.845 297.109
