147.777 196.973
158.053 186.53
173.129 181.365
188.545 180.974
203.846 184.97
245.489 188.75
253.998 185.263
262.952 184.408
271.786 186.316
278.159 192.971
230.077 222.509
234.949 236.94
240.206 251.786
245.145 266.141
220.821 286.806
230.626 289.149
240.284 290.096
248.028 288.879
254.669 285.807
169.174 221.353
179.693 214.23
191.225 214.239
199.503 223.838
189.815 227.202
178.814 226.126
249.256 224.043
256.187 215.419
266.161 214.052
272.201 221.825
266.954 226.902
257.642 226.697
199.324 326.044
213.244 318.806
226.918 311.986
241.363 312.047
249.7 309.758
257.672 313.651
262.467 321.181
258.02 329.902
250.591 336.198
241.11 338.851
226.364 338.449
211.637 334.376
227.613 323.497
241.471 322.693
248.19 321.634
248.95 324.012
241.182 325.152
227.083 326.089
