86.4581 247.174
99.33 238.429
115.259 235.453
131.385 235.644
146.787 240.869
205.788 241.426
220.25 235.412
235.654 234.066
251.282 235.477
264.953 242.871
177.16 279.014
178.474 301.458
179.936 324.058
181.536 347.378
159.348 359.465
169.575 362.46
181.936 363.65
194.234 361.626
204.069 358.144
106.338 278.614
120.027 270.285
136.568 271.453
148.161 284.43
133.583 287.112
118.724 285.938
208.185 283.983
219.966 271.269
236.14 269.385
250.056 277.229
237.72 284.488
222.956 286.153
137.974 395.211
152.464 390.299
166.633 384.545
182.28 386.036
197.729 383.846
212.494 388.126
227.137 392.371
215.088 405.179
200.079 413.422
182.856 416.394
165.846 414.55
151.006 407.075
164.367 396.586
182.266 397.374
200.929 395.401
201.302 396.344
182.619 397.944
164.308 397.151
