102.474 190.917
113.992 181.475
128.999 178.724
143.898 180.338
157.72 185.523
201.509 186.52
215.643 180.145
230.7 177.255
245.767 180.036
256.729 189.961
179.714 214.217
179.885 230.893
179.94 247.915
179.816 265.056
164.54 276.806
171.925 278.865
179.917 279.474
188.231 278.669
195.653 276.533
120.86 218.765
130.813 212.132
143.587 213.102
153.275 220.889
142.68 223.847
130.614 223.943
204.589 219.682
213.077 210.647
225.481 209.701
236.919 216.407
226.772 221.425
215.352 222.167
149.873 313.09
158.662 304.918
168.744 298.375
180.052 299.13
191.858 297.803
202.237 303.255
211.604 310.76
203.897 321.571
193.506 328.176
181.079 329.479
168.62 328.522
157.676 322.699
168.505 307.588
180.079 307.446
193.217 307.087
192.863 311.896
180.531 313.048
169.355 312.64
