98.9915 186.196
107.509 179.08
118.782 176.905
130.205 178.949
140.712 183.849
177.957 182.361
189.224 176.231
201.447 173.411
214.332 174.569
224.658 181.361
157.685 202.396
156.384 216.157
155.092 230.082
154.229 244.52
143.151 260.723
149.322 262.486
156.291 263.066
164.559 261.704
172.555 259.012
109.476 208.27
118.523 201.018
129.59 201.912
137.928 210.331
128.131 212.946
117.855 212.974
182.83 208.251
190.374 198.718
201.708 197.603
212.541 203.789
203.545 209.445
193.152 210.397
132.395 290.767
140.575 285.865
148.765 282.051
157.734 282.95
169.088 281.068
180.423 284.397
192.84 287.819
182.348 294.582
171.22 299.27
159.274 300.883
148.852 300.004
140.075 296.538
147.764 290.608
157.968 290.407
171.934 289.091
172.414 288.864
158.22 289.612
147.262 290.251
