130.391 218.755
141.272 210.626
154.989 207.555
168.618 207.678
181.842 210.284
222.173 207.93
232.171 205.244
242.313 204.105
252.608 204.683
261.32 210.154
205.847 235.389
208.294 248.015
210.956 260.53
213.211 273.359
195.769 291.592
203.811 293.216
212.035 293.311
218.586 292.148
223.935 290.28
146.226 238.262
157.754 229.795
170.363 229.439
179.03 240.063
168.367 242.864
157.304 242.377
223.933 237.84
231.303 227.644
242.789 224.985
252.386 232.767
244.868 238.489
234.496 239.206
181.808 321.019
190.671 314.824
201.183 310.13
212.329 310.814
220.637 309.019
228.991 312.728
236.592 318.626
230.151 324.737
222.165 328.97
213.414 330.51
201.806 330.101
191.098 326.596
200.913 318.764
212.696 318.369
221.392 318.089
221.654 318.102
212.967 318.17
200.908 318.771
