147.89 213.904
161.144 205.522
177.102 202.337
193.289 205.105
208.093 210.736
236.42 211.714
244.236 207.349
252.476 203.532
261.411 200.875
270.222 202.856
224.93 237.212
228.818 250.076
233.063 262.655
237.087 274.819
218.417 293.231
226.632 294.871
234.554 294.675
239.807 293.59
244.466 290.981
169.53 239.756
179.987 234.693
190.647 234.238
197.855 241.406
189.402 244.319
179.523 244.011
240.799 239.94
247.469 232.679
256.392 230.699
263.424 235.567
258.506 240.704
249.997 241.361
204.788 323.478
214.394 316.366
224.687 309.105
236.863 308.415
242.801 307.332
248.34 312.109
252.624 320.088
249.138 326.533
243.674 330.953
237.211 333.032
226.186 332.945
215.201 329.343
226.563 319.98
236.722 318.336
241.204 318.338
241.191 319.132
236.979 319.16
226.801 320.274
