88.3271 191.537
94.0831 190.898
100.012 191.802
105.63 193.786
110.434 197.95
128.266 193.452
142.549 191.972
157.052 192.945
170.687 196.885
182.836 204.374
115.657 224.905
109.957 237.776
103.072 249.773
96.3406 261.879
97.4742 276.054
99.9441 278.388
103.698 280.156
110.552 280.839
117.598 280.068
92.9687 219.403
97.1677 213.811
104.287 215.973
110.279 224.669
102.616 225.915
95.41 224.65
139.003 225.548
145.396 216.932
154.954 218.331
166.206 224.316
155.988 228.038
146.209 228.29
97.8404 303.945
96.5975 299.973
99.3504 297.037
104.081 299.113
114.484 300.255
124.527 305.599
133.843 311.476
124.92 316.417
114.389 318.871
103.964 318.149
98.7116 315.046
97.0895 309.793
102.955 305.55
105.632 306.182
114.814 307.825
114.405 309.114
104.627 307.864
102.116 306.746
