147.81 159.394
160.599 150.956
176.834 147.573
193.489 149.081
209.086 154.614
244.64 163.266
251.546 161.448
258.53 161.372
264.853 163.412
269.517 168.041
225.994 189.271
229.609 200.984
233.991 212.613
238.26 223.956
215.057 245.913
223.942 247.338
232.315 248.391
237.198 247.473
240.862 246.918
167.241 187.76
178.844 182.398
190.909 183.28
198.918 192.748
188.364 195.149
177.05 193.286
239.16 199.197
248.367 191.606
258.407 191.493
264.345 199.251
257.747 203.676
248.453 202.96
190.555 275.939
204.02 268.462
217.686 262.747
232.141 262.566
239.64 263.021
244.881 269.047
245.884 277.801
243.439 286.795
237.727 292.139
229.573 293.67
215.136 291.761
202.041 285.465
215.045 274.74
231.003 274.837
236.711 275.843
237.155 277.113
231.581 277.185
215.507 276.544
