97.4032 193.801
110.943 186.459
126.819 185.048
142.501 187.943
157.3 193.894
203.222 198.263
217.448 193.589
232.588 192.29
247.531 195.026
259.633 203.024
178.07 221.339
177.005 239.367
176.084 257.964
174.842 276.737
152.429 290.703
162.469 293.971
173.337 295.653
184.314 295.131
194.147 293.071
110.946 223.175
123.699 220.779
136.377 221.759
147.537 228.695
135.221 229.167
122.975 227.378
209.103 232.959
221.199 227.472
233.754 227.022
245.267 230.468
233.624 233.932
221.567 234.308
133.82 329.054
144.42 317.753
158.58 312.414
173.022 314.794
187.865 313.901
201.256 320.959
210.91 332.657
200.396 343.626
186.828 349.094
171.316 349.885
156.24 347.603
143.388 340.819
154.31 326.886
172.438 327.153
190.06 328.646
190.443 331.163
172.795 329.76
154.507 329.254
