160.17 265.137
171.889 259.055
185.471 256.164
199.131 257.316
211.771 262.11
244.603 260.578
251.147 254.521
258.558 250.175
267.086 247.721
274.126 250.699
232.139 285.612
235.13 300.965
238.727 315.443
241.911 329.793
221.766 344.548
230.587 345.657
238.601 345.236
244.961 343.413
249.601 339.898
175.276 292.433
185.444 286.03
197.015 284.952
204.227 291.854
196.057 295.256
185.504 295.427
248.668 286.97
254.756 279.506
264.017 276.151
271.747 280.041
266.955 286.175
257.944 287.561
204.605 371.647
214.5 365.946
225.368 361.007
236.735 360.451
243.694 358.434
250.481 359.777
256.725 362.173
252.77 370.729
247.135 376.762
238.731 380.139
226.753 381.475
214.572 378.268
223.191 369.32
236.598 367.993
245.414 366.099
245.48 365.843
236.803 367.991
223.266 369.477
