165.756 253.855
175.288 245.739
187.434 242.262
200.061 241.746
212.215 243.281
244.184 241.474
247.87 237.978
252.309 235.24
257.105 234.715
260.872 237.283
231.33 267.33
237.514 279.946
244.23 291.781
250.914 303.957
229.202 324.17
236.2 325.241
242.85 325.76
247.471 324.441
251.298 322.213
181.224 275.229
190.987 270.239
200.774 268.456
207.975 274.328
200.863 279.019
190.717 279.577
240.875 272.458
247.673 264.018
255.646 262.201
260.737 266.788
256.753 272.357
248.794 273.769
212.89 356.167
222.395 349.078
232.887 343.058
244.839 340.715
250.843 339.348
255.969 343.101
255.888 350.188
253.513 355.469
249.073 358.625
243.879 360.972
233.222 361.654
222.497 360.472
230.84 351.103
244.309 349.43
249.385 348.242
248.691 350.091
243.683 350.945
230.989 353.001
