80.1824 172.967
83.7024 169.753
89.2406 171.434
94.3049 174.698
98.4519 178.037
124.523 172.764
137.733 166.774
152.129 163.948
166.649 166.316
177.919 174.418
111.045 204.679
105.59 219.705
99.571 234.061
93.321 248.558
94.369 264.077
98.1833 267.215
103.312 268.473
111.168 267.886
119.485 266.859
84.1384 208.335
86.2182 200.08
95.7664 202.05
104.674 211.367
95.9311 213.634
87.5738 213.809
134.813 207.859
140.697 198.613
151.735 199.629
163.778 204.744
153.283 209.809
141.966 211.187
95.6572 298.885
91.9638 292.531
94.2258 286.859
100.354 287.193
114.102 288.727
127.011 294.266
138.369 300.271
129.49 309.284
117.211 315.276
104.521 316.587
98.9499 313.077
96.2159 305.985
98.1846 296.564
103.335 297.176
118.918 297.529
118.546 300.978
104.075 302.374
99.0366 300.133
