86.8538 240.288
95.3711 231.555
107.051 227.38
119.834 227.952
132.322 231.175
172.76 231.335
187.329 227.534
202.758 225.791
217.878 229.535
231.135 237.963
154.514 265.901
152.98 281.514
151.259 295.951
149.499 310.333
135.725 326.536
142.623 328.455
150.057 329.337
160.26 329.058
170.051 327.601
102.002 267.696
112.004 259.154
124.008 260.482
132.617 270.138
122.329 273.64
110.855 273.47
181.899 270.398
190.136 260.101
203.236 259.436
215.728 267.541
204.429 272.996
192.096 273.761
124.498 357.408
130.747 349.444
139.832 345.39
149.483 346.77
163.02 346.516
175.005 352.004
186.723 359.178
175.021 365.653
163.113 370.689
150.655 371.666
140.468 370.396
131.518 364.876
141.692 355.262
150.212 355.665
163.329 356.102
163.23 356.742
149.925 356.396
141.413 356.349
