115.887 211.247
126.766 204.836
139.522 202.405
151.908 203.572
163.4 208.883
196.715 206.793
208.796 201.314
221.758 199.599
234.35 202.148
245.23 208.97
179.262 233.935
179.233 249.65
179.291 265.333
179.291 281.668
164.83 293.046
171.091 295.493
178.596 296.52
186.311 295.448
192.69 292.601
129.263 234.867
138.677 229.225
149.892 230.116
158.454 238.642
148.01 240.567
137.527 240.178
200.709 237.194
208.317 228.495
219.167 227.293
229.818 232.561
221.017 238.294
210.258 239.115
148.986 316.802
159.628 312.934
169.359 309.459
179.328 311.565
189.685 309.465
199.492 312.515
210.836 315.415
202.441 325.944
191.536 332.683
179.114 333.485
167.344 332.632
157.061 326.681
167.617 318.654
179.153 319.028
191.713 318.533
191.75 320.683
179.596 321.51
167.689 320.711
