176.866 252.12
187.78 246.517
199.673 243.437
212.855 243.451
225.431 245.861
251.255 248.688
256.211 245.805
261.916 244.243
267.704 244.046
271.196 247.728
240.04 272.483
245.275 286.586
251.142 300.143
256.912 314.019
233.822 331.384
241.476 332.285
248.48 332.533
252.147 331.245
254.733 328.7
188.212 272.847
198.305 268.753
208.391 268.336
213.79 275.836
206.418 278.369
196.919 277.223
248.337 276.612
254.559 269.316
262.239 267.555
266.432 272.593
262.961 278.476
256.075 278.725
214.179 363.03
223.396 355.946
234.527 349.435
246.632 349.801
252.933 348.892
257.327 354.332
254.96 361.73
253.126 368.064
250.279 374.069
243.652 376.36
231.887 375.6
221.995 370.794
232.008 360.379
244.158 359.654
248.873 360.142
249.099 361.699
244.437 361.255
231.995 362.242
