92.1857 204.614
96.619 201.183
102.1 199.795
107.65 199.595
112.706 201.143
138.79 196.564
150.67 194.206
162.84 194.682
174.451 198.569
184.344 205.872
124.683 227.703
120.02 241.438
114.792 254.129
109.308 266.845
110.627 282.078
114.9 283.8
119.907 284.81
126.431 283.973
133.2 282.202
98.7276 232.876
102.278 226.142
110.438 226.528
118.089 232.887
110.829 235.11
103.346 235.557
147.713 229.57
153.549 221.106
162.019 221.916
171.092 226.82
162.644 229.72
154.589 230.304
105.815 309.449
104.977 303.711
109.18 300.624
114.995 302.036
127.112 301.754
139.117 305.043
151.101 310.039
140.001 317.089
128.366 320.658
116.345 321.899
111.444 320.403
107.776 316.393
110.867 309.813
116.903 310.663
131.076 310.209
130.815 310.003
116.744 310.194
111.404 309.713
