128.954 232.387
140.566 225.183
153.547 220.753
167.015 219.888
180.697 221.929
220.985 221.37
232.07 219.337
242.954 219.109
254.011 221.573
263.181 227.173
204.299 246.092
205.929 259.625
207.838 273.18
209.551 287.246
190.669 302.403
199.766 304.249
209.243 304.84
216.965 303.419
223.93 300.795
146.554 250.402
156.976 244.052
169.079 244.126
176.721 253.098
166.536 254.754
156.025 254.265
224.869 251.489
232.098 244.471
243.038 242.629
251.413 247.977
243.747 252.19
234.319 253.058
172.552 332.733
183.41 325.153
196.23 320.021
209.808 319.468
219.132 317.717
228.81 320.133
236.064 325.949
230.329 335.915
221.956 343.789
210.291 347.181
195.783 346.582
183.154 341.024
193.26 329.93
210.028 328.971
221.987 326.955
222.853 330.945
209.725 334.742
192.473 333.859
