122.694 260.173
134.889 251.96
150.009 247.916
165.138 248.544
179.556 253.524
225.139 255.432
235.875 250.765
247.928 250.165
258.997 253.181
266.496 261.076
203.637 283.547
204.479 301.448
205.817 319.717
206.72 337.946
185.72 350.563
194.904 351.658
204.532 352.339
212.717 351.992
220.106 350.896
142.252 284.55
153.136 278.577
166 278.52
174.926 287.49
164.095 291.938
152.056 290.948
225.858 288.734
233.789 280.574
245.19 279.744
254.235 286.489
246.136 292.081
235.736 292.204
161.592 377.015
174.867 370.968
188.71 366.559
203.405 367.636
214.635 366.221
225.097 369.831
233.419 375.817
226.798 388.097
216.183 396.408
202.744 398.689
186.291 396.588
172.302 389.085
187.042 376.544
203.166 377.324
215.266 376.948
215.347 381.564
202.825 383.06
186.96 381.398
