104.381 234.457
113.591 225.703
125.716 220.8
139.008 220.66
152.265 223.155
200.573 224.047
212.957 219.777
225.959 218.175
239.647 220.621
250.848 227.274
177.993 253.951
178.618 269.05
179.087 284.417
179.296 299.769
164.077 312.751
171.822 314.811
180.624 315.662
189.346 313.965
197.183 311.566
117.946 256.124
128.692 249.099
141.729 250.094
152.017 258.646
139.99 260.749
128.495 260.633
204.716 257.311
212.937 248.233
225.579 246.544
237.578 252.996
227.656 258.074
216.41 258.59
150.101 343.151
159.025 335.087
169.276 329.719
180.934 329.569
193.154 328.955
204.936 333.565
216.356 339.281
207.215 349.269
196.332 357.34
183.107 360.757
169.635 359.018
159.016 351.806
165.779 338.692
181.388 337.383
197.245 337.623
198.144 344.82
182.102 347.491
166.318 346.348
