124.76 181.056
136.58 171.904
151.649 167.605
167.087 167.713
182.038 171.38
214.813 171.868
226.269 167.159
238.442 165.177
250.682 166.583
260.461 172.905
202.269 201.778
205.626 215.966
208.853 230.305
211.591 244.75
191.439 257.433
200.325 260.008
209.731 260.897
217.954 259.317
224.862 255.629
144.781 204.666
155.177 197.762
167.597 197.809
176.634 206.898
165.85 211.124
154.301 210.415
220.671 204.138
227.755 195.254
239.363 192.984
249.432 199.342
241.815 205.9
231.185 206.884
175.867 288.329
186.068 280.462
197.366 274.845
209.333 276.364
218.421 273.756
226.626 278.479
233.586 285.632
227.582 293.385
219.077 297.679
209.301 299.348
196.938 298.654
185.49 295.12
196.167 285.183
209.497 285.131
219.495 284.526
218.443 285.366
208.872 286.021
195.678 285.636
