156.966 221.038
170.924 214.507
186.016 213.187
200.529 215.532
214.562 220.989
248.621 223.483
256.362 220.631
264.015 220.598
271.275 222.458
276.782 227.964
230.486 251.515
232.641 266.941
235.691 281.57
238.556 296.366
211.874 311.457
220.377 313.058
228.567 313.967
236.403 313.269
242.312 311.054
174.03 248.815
185.166 244.619
196.114 244.457
203.053 252.729
194.027 254.723
183.379 253.668
244.303 256.386
252.731 250.025
261.503 249.106
267.482 255.2
261.338 259.031
252.761 258.746
190.268 340.266
202.291 336.459
214.511 333.345
227.455 333.205
234.134 333.164
239.75 335.783
243.059 340.812
238.067 346.962
232.351 351.54
224.958 353.903
211.832 352.198
200.65 347.289
211.085 341.246
226.518 341.237
233.526 341.342
232.638 342.771
225.355 343.294
210.815 342.703
