81.9332 206.869
92.7848 200.48
105.737 198.837
118.757 200.959
131.073 206.769
174.634 210.457
189.319 205.997
204.924 204.632
220.165 208.473
233.089 216.429
148.475 233.289
144.965 251.164
140.587 269.018
136.375 286.734
119.925 300.662
128.204 304.646
137.139 306.496
149.913 306.058
162.208 303.783
92.0791 234.662
102.264 231.536
113.364 232.751
123.319 239.611
112.305 240.027
101.638 238.596
182.066 244.437
193.34 238.964
206.348 238.859
219.142 242.345
206.201 246.11
193.887 246.686
105.985 337.046
113.417 327.169
124.85 321.904
136.424 324.697
151.969 324.191
166.256 332.02
179.142 342.709
165.895 352.904
150.887 357.831
135.042 357.943
122.342 355.55
112.23 348.822
123.213 335.935
135.956 336.291
154.682 338.54
155.044 340.904
136.53 338.987
122.707 338.503
