123.938 188.438
137.885 181.879
153.287 180.892
168.013 183.052
182.053 188.253
226.463 190.716
236.189 185.206
247.057 182.2
258.445 182.092
269.525 185.892
205.594 213.51
207.109 230.877
209.107 248.393
211.115 265.723
185.844 285.108
195.624 287.005
206.068 288.005
215.476 287.228
223.292 285.619
140.574 213.821
153.704 206.926
165.943 207.338
174.1 218.054
163.218 221.247
151.15 219.913
227.629 218.711
236.964 208.932
247.549 207.312
256.349 212.689
249.145 219.711
238.591 221.308
167.41 319.699
179.934 313.783
192.656 307.858
206.56 308.83
216.598 307.609
225.487 312.788
231.534 319.748
224.938 329.578
215.936 334.808
204.978 336.165
190.806 335.168
178.1 329.582
190.218 319.123
206.109 318.827
218.426 319.789
218.065 320.953
205.871 319.575
190.598 320.078
