92.9945 266.724
102.202 257.104
116.015 254.824
129.192 258.233
141.295 264.439
173.606 263.946
188.154 258.797
203.388 257.551
218.239 262.84
229.588 273.319
155.091 288.56
153.364 305.285
151.672 322.067
150.061 338.686
135.168 349.254
142.029 351.803
149.404 352.887
158.005 352.59
166.534 351.251
103.324 288.626
113 282.876
123.916 285.075
131.202 293.685
121.019 294.941
110.582 294.303
179.959 295.577
188.805 286.294
200.9 286.083
211.411 293.151
201.709 297.506
190.241 297.8
120.623 376.334
130.229 373.446
139.816 371.023
149.226 373.141
161.375 371.673
172.482 375.597
183.923 378.769
173.766 386.83
161.621 391.592
148.601 392.145
137.485 390.747
128.044 385.069
139.236 378.778
149.49 379.698
162.139 378.894
162.23 380.563
149.414 381.326
138.943 380.137
