82.4378 233.473
85.716 228.926
90.1614 228.649
94.5281 230.516
100.124 232.698
123.614 228.466
135.445 226.451
147.447 226.461
158.901 229.865
168.882 235.355
114.521 259.38
109.147 276.158
102.664 291.851
96.1748 307.033
100.466 323.72
103.243 324.9
106.718 325.571
112.134 327.331
118.814 328.2
87.8673 261.629
90.3272 255.704
98.6781 257.704
104.97 264.468
97.858 266.654
90.997 266.112
138.681 264.642
143.957 257.531
153.416 259.694
161.771 264.774
152.412 268.629
143.998 268.284
100.691 354.574
100.134 349.403
103.516 345.634
109.065 346.696
120.622 347.907
132.284 353.519
143.578 358.723
134.727 364.998
123.693 368.644
112.027 369.029
105.764 366.91
101.682 361.712
105.514 352.899
110.604 353.713
124.819 354.601
125.274 358.112
111.613 358.179
106.052 356.247
