189.113 209.876
199.121 204.454
209.945 202.171
221.217 202.559
232.482 203.697
262.897 210.7
267.32 209.546
272.177 208.881
276.682 208.049
280.876 208.454
248.912 235.304
254.461 250.592
260.356 264.963
266.123 279.082
237.489 295.894
246.397 297.161
253.973 297.835
258.973 296.469
262.849 293.431
195.166 236.743
205.623 231.082
216.351 230.066
222.595 238.794
214.541 241.623
204.645 239.825
257.71 241.486
264.445 233.34
272.796 231.627
275.947 238.614
272.667 242.594
265.656 242.63
215.455 324.71
227.209 318.445
239.973 313.706
252.895 313.103
257.955 312.549
260.847 317.201
258.38 322.89
257.031 329.159
253.867 334.697
248.393 337.937
236.076 337.424
224.863 332.778
236.146 323.312
249.162 322.541
252.329 322.146
252.727 322.634
248.918 324.461
236.208 324.501
