86.0928 195.182
93.329 191.422
101.756 190.901
110.607 193.202
118.492 197.294
156.031 196.814
170.42 194.8
185.077 195.814
199.118 200.954
210.498 209.151
134.328 220.719
131.517 233.999
127.98 246.984
124.2 260.427
114.71 278.501
119.856 281.364
126.253 282.9
134.475 283.013
142.859 281.535
93.5934 222.495
101.197 215.205
110.822 217.449
116.561 226.701
107.554 227.351
99.0025 226.526
162.333 229.936
170.813 220.61
182.03 221.638
192.18 229.877
181.694 232.358
171.398 232.592
104.981 310.944
108.228 301.868
115.279 297.832
123.297 299.566
136.327 301.142
147.209 308.477
157.975 316.358
146.609 322.187
135.522 326.047
123.321 325.896
115.116 323.725
108.819 318.563
117.398 308.752
123.035 309.327
135.157 311.143
135.567 312.258
123.676 311.087
117.188 310.363
