103.524 234.695
114.736 226.079
128.942 224.357
142.339 227.274
154.468 233.901
203.48 232.346
214.606 225.624
227.216 221.96
239.812 223.112
249.818 230.469
178.148 263.321
177.74 281.303
177.513 298.655
177.135 315.441
160.231 332.847
168.451 334.002
176.678 334.83
185.546 333.777
194.034 331.604
121.252 264.093
132.83 258.506
145.24 259.804
153.817 269.438
142.964 271.22
130.906 270.325
202.43 268.601
211.432 258.685
223.98 257.304
234.8 263.132
225.284 269.096
213.25 270.347
144.292 366.347
154.869 360.384
165.617 355.183
177.584 355.533
188.988 354.67
199.492 360.045
209.43 366.385
200.876 375.904
191.206 382.667
179.107 384.317
165.318 382.471
153.934 375.816
163.192 366.738
178.146 367.554
192.109 366.066
192.401 367.805
178.224 369.789
163.235 368.103
