120.625 210.54
133.696 197.132
151.25 191.982
170.006 193.11
188.001 198.595
223.39 200.219
236.935 195.506
251.23 194.879
264.398 198.733
273.745 208.869
207.205 234.072
210.356 250.515
214.037 265.987
217.196 282.118
192.52 301.771
202.696 302.455
213.088 302.644
221.185 301.999
228.014 300.241
142.174 238.031
154.305 229.148
168.7 229.226
177.897 240.134
166.516 242.809
154.231 242.258
230.154 239.235
239.808 229.587
252.276 227.786
261.514 236.634
252.163 240.707
241.442 241.498
174.451 336.215
187.576 330.742
199.63 324.025
214.038 323.231
224.017 322.35
232.035 327.659
238.475 333.882
230.291 341.303
222.241 345.779
212.405 347.665
199.228 346.199
187.312 341.539
198.539 333.863
213.333 333.191
223.571 332.94
222.837 334.533
212.914 334.709
198.956 334.258
