154.431 265.467
164.45 261.447
175.773 260.157
187.465 260.03
199.391 261.561
236.55 261.786
242.565 259.147
248.687 257.935
254.281 257.132
259.011 258.869
220.636 286.436
224.131 298.78
228.124 310.956
231.633 323.016
208.861 338.433
217.482 340.671
226.332 341.409
232.146 339.949
236.215 337.316
166.924 290.381
176.838 284.328
187.601 283.616
194.876 290.816
186.095 293.881
176.453 293.207
234.899 290.141
241.019 282.317
249.872 279.861
255.631 285.249
250.51 290.306
242.743 290.907
191.225 363.908
202.374 358.779
213.689 353.931
225.999 353.55
233.285 352.31
240.203 355.663
243.722 361.94
239.547 369.247
234.157 374.342
226.565 376.295
213.78 376.082
201.638 371.745
211.269 364.645
226.047 364.088
233.008 363.516
233.433 362.602
226.587 363.411
211.874 363.854
