79.1813 205.38
83.1202 204.61
87.2617 206.324
90.8593 208.886
94.629 212.2
121.932 205.426
132.998 198.539
144.294 194.75
156.233 194.313
166.447 199.8
105.012 234.48
100.53 247.858
95.3582 260.108
89.8041 273.18
94.6893 290.044
98.4145 291.001
102.329 291.691
108.253 291.114
115.097 289.984
82.7499 235.632
85.428 229.615
92.4452 230.021
98.7638 236.962
91.992 239.206
85.5491 238.886
130.057 231.562
135.812 220.758
146.409 220.07
157.406 224.586
148.099 230.001
138.172 232.699
93.3925 318.504
92.8075 312.185
96.4569 306.736
102.641 305.911
115.7 306.117
128.522 310.408
140.483 316.122
130.643 323.344
118.653 327.336
105.65 329.841
99.1776 328.285
95.7386 324.15
97.6587 316.148
104.852 315.404
122.496 315.29
121.871 317.863
104.382 318.826
98.1917 318.241
