78.2905 229.608
82.0685 227.717
86.4015 228.715
90.9294 231.167
95.9481 234.127
117.262 226.631
131.821 224.51
146.504 223.256
161.038 226.215
171.416 236.085
107.529 259.162
101.983 271.631
95.4593 283.583
88.6336 296.314
89.7296 314.436
92.503 316.292
96.0834 317.411
101.852 317.823
108.558 317.387
82.8534 257.682
88.2749 252.932
96.1013 254.846
101.637 263.425
94.5167 263.742
87.7732 262.315
133.292 260.182
138.906 251.5
148.973 252.388
159.396 257.937
149.516 261.235
140.249 261.775
90.1812 347.981
87.8219 340.267
89.0954 335.589
93.4809 335.028
105.859 336.646
116.939 342.33
125.463 350.238
116.169 353.514
105.401 354.935
94.7956 355.422
90.5398 353.531
88.7348 351.057
94.5152 343.456
96.0165 343.009
106.277 344.005
104.768 346.006
95.0584 345.579
93.6233 345.523
