124.708 184.782
135.991 175.722
150.095 171.289
164.968 171.569
179.506 174.83
215.897 176.075
227.757 172.787
240.483 171.993
252.964 174.613
262.648 181.963
201.516 202.693
203.107 215.026
204.687 226.747
206.262 238.571
191.003 253.021
197.924 253.949
205.803 254.001
212.166 253.647
218.04 252.082
143.144 207.308
153.996 203.677
164.575 203.263
173.508 207.961
163.983 211.299
153.512 211.075
220.759 209.033
229.77 203.828
240.076 203.683
249.825 207.077
240.047 210.947
230.304 211.682
171.741 280.639
183.162 275.893
194.038 271.014
206.334 271.109
215.598 269.877
224.401 273.245
232.93 277.815
226.697 285.239
218.093 290.353
207.396 291.828
194.295 291.142
182.545 287.455
193.768 280.566
206.915 280.683
216.265 279.612
217.293 281.423
207.518 282.107
193.814 281.72
