99.6155 229.86
108.46 224.98
118.534 224.192
128.399 226.579
137.859 230.866
176.892 232.491
190.779 229.949
204.605 229.872
218.669 232.547
230.907 239.845
155.389 261.597
152.495 278.171
149.176 293.589
145.993 309.729
133.581 329.244
140.766 331.275
148.662 332.009
158.492 332.121
168.036 330.634
108.072 262.116
118.251 257.131
129.506 258.445
137.574 266.82
127.09 268.823
116.67 267.862
183.334 269.382
192.658 260.493
205.178 260.296
217.11 265.1
206.37 271.047
194.839 272.008
120.39 363.628
127.714 353.971
136.742 347.902
146.748 350.076
161.258 349.705
173.093 357.196
185.023 365.384
172.859 372.735
161.087 376.664
147.931 377.654
137.207 376.178
128.276 371.698
136.38 361.424
146.538 361.388
163.01 362.344
163.827 364.724
148.031 363.757
137.399 363.568
