77.1483 173.969
83.2616 169.452
90.8004 168.216
98.6226 169.268
105.837 173.166
129.157 170.789
143.864 167.185
159.15 168.126
173.558 172.635
186.096 179.153
114.784 203.47
109.769 218.068
104.045 231.806
97.6155 245.517
94.8734 260.134
98.0328 262.597
102.332 263.491
110.645 263.715
118.898 263.263
83.0858 203.579
88.681 197.542
96.6658 199.536
103.354 206.859
95.5624 208.499
87.704 208.403
142.111 207.123
148.505 198.778
158.439 200.365
168.057 205.304
159.075 209.2
149.818 210.808
90.6288 288.571
91.064 283.244
96.5386 281.144
102.366 283.398
115.843 283.501
128.129 288.281
138.887 292.992
127.925 298.848
115.535 300.807
103.331 300.48
97.0526 298.794
92.2923 295.169
98.7438 291.071
103.161 291.131
116.128 292.191
115.777 293.29
103.289 292.198
98.3466 291.415
