133.872 235.088
144.859 228.674
158.13 228.106
171.217 229.99
183.751 234.3
221.976 234.209
230.345 229.764
239.588 227.209
249.416 227.411
256.595 232.548
202.82 260.743
204.996 274.898
207.146 288.829
208.757 302.539
190.185 317.523
197.002 319.753
204.664 320.345
210.79 319.621
215.691 317.234
145.439 259.521
156.463 254.202
167.685 254.917
175.27 263.295
165.32 266.274
154.573 265.439
222.157 263.159
229.294 255.486
239.089 254.31
246.471 260.635
240.205 265.832
230.743 266.093
174.958 344.963
183.215 338.591
192.774 334.122
203.514 334.924
211.473 333.593
218.473 337.875
224.352 343.456
219.392 351.866
211.252 356.242
202.518 357.326
192.093 356.418
182.469 352.269
192.426 342.606
202.981 343.193
210.265 342.823
210.087 343.69
202.725 344.107
192.303 343.376
