176.401 258.186
187.194 248.35
200.633 243.312
215.527 242.905
230.08 244.567
256.623 243.661
262.384 240.392
269.156 239.139
275.169 240.186
280.742 243.361
245.999 269.61
251.895 281.594
258.737 293.551
265.475 306.581
245.101 328.821
252.141 328.377
258.399 328.485
262.077 327.337
265.711 326.104
194.676 274.066
204.295 268.573
213.49 267.141
220.715 275.255
212.919 276.659
203.966 276.19
256.913 272.145
263.143 263.481
270.772 261.677
274.824 267.967
270.393 270.644
263.545 271.929
227.858 359.186
237.893 353.259
248.244 347.846
259.707 346.882
267.025 345.069
272.17 349.248
272.638 354.837
271.068 361.679
266.804 367.661
260.794 370.95
249.231 371.31
237.894 366.733
249.669 358.038
258.448 357.488
264.174 356.483
264.359 356.938
258.535 358.553
249.715 358.918
