80.9208 220.663
85.9341 219.009
91.799 218.385
97.5915 219.067
102.581 221.906
126.886 215.246
140.732 210.696
155.029 209.697
169.185 212.382
181.828 217.746
114.496 243.468
110.966 256.733
106.885 269.471
102.752 282.76
102.061 295.27
106.035 297.642
111.4 299.04
118.394 297.439
125.589 294.546
87.5867 245.333
90.2477 238.739
98.6657 239.523
105.781 247.437
98.0679 249.495
90.688 249.598
141.046 243.791
145.619 235.161
156.392 234.951
166.332 240.657
157.95 245.191
148.419 246.496
101.52 316.52
103.123 314.111
107.492 312.521
112.677 313.499
125.648 312.737
137.973 314.974
150.331 316.994
140.023 325.397
128.179 330.388
115.616 331.633
108.292 329.213
103.846 324.003
109.045 319.252
114.264 319.525
128.2 319.677
128.596 319.688
114.93 320.15
109.359 319.226
