82.5647 195.147
87.7358 190.589
94.626 190.459
101.416 193.005
106.935 196.855
149.182 192.582
164.437 187.646
179.946 186.723
195.159 190.109
207.968 199.732
127.307 230.676
123.758 244.743
119.82 258.952
115.632 273.247
116.668 292.05
120.062 294.663
124.293 295.764
133.908 294.485
142.879 291.715
91.4722 230.289
96.8933 223.312
106.218 224.755
114.418 232.287
105.154 235.638
96.2915 235.788
158.637 231.13
165.523 221.591
177.368 221.655
189.568 227.553
179.034 232.393
167.985 233.719
114.081 325.553
115.03 316.939
119.472 311.689
126.125 312.842
138.578 312.396
149.989 318.088
161.308 323.623
151.458 329.924
140.77 334.241
129.267 335.656
122.825 334.654
117.595 331.213
122.174 321.901
127.364 321.856
139.387 320.986
139.121 322.964
127.796 323.694
122.084 323.158
