97.5271 177.239
102.575 174.936
108.343 174.13
114.171 174.935
119.908 177.295
157.412 173.989
170.188 171.011
183.38 171.501
196.609 174.317
207.547 181.225
136.89 199.376
133.271 211.433
129.311 223.198
125.588 234.938
118.522 254.297
123.524 256.35
129.967 257.489
138.272 256.445
146.653 254.455
102.156 202.829
107.33 195.94
115.954 197.024
122.094 204.558
115.017 205.799
107.452 205.428
163.913 203.655
170.541 195.521
180.871 195.783
190.252 202.32
181.348 205.166
171.811 205.594
110.738 283.443
113.828 276.589
120.477 272.939
129.061 272.987
142.544 273.388
154.21 278.666
165.143 285.456
153.573 292.181
141.734 296.687
129.326 298.227
121.015 296.535
114.422 291.404
122.171 283.995
129.235 284.414
142.89 284.034
141.807 285.411
129.037 285.336
121.78 285.138
