103.601 186.781
116.053 176.396
132.153 172.36
148.256 175.302
163.113 181.831
198.565 181.33
215.455 176.045
233.311 175.204
250.34 180.698
262.3 192.928
176.674 208.965
176.995 225.659
177.513 242.417
178.093 258.664
159.606 274.323
167.47 276.709
176.367 277.503
184.839 276.716
192.304 274.503
115.071 214.121
126.745 207.569
139.614 207.139
149.85 215.759
139.059 218.209
126.617 217.918
207.547 216.53
218.601 208.981
231.424 209.387
242.545 215.584
231.502 219.069
218.902 219.077
142.497 306.138
153.551 300.126
164.613 295.235
176.271 295.79
187.253 295.472
196.951 300.643
206.319 307.041
197.667 315.388
187.342 321.628
174.701 323.427
162.386 320.809
151.957 314.483
160.027 306.075
175.478 306.209
189.948 306.501
190.033 308.047
175.262 308.864
159.618 307.299
