119.657 254.393
133.269 243.57
150.332 239.298
167.751 240.692
184.462 246.933
224.716 246.048
237.911 239.58
251.883 236.759
265.507 237.833
275.264 246.513
207.292 273.908
209.959 295.391
212.716 316.734
215.31 338.507
188.694 348.92
201.239 352.754
214.321 354.095
224.594 351.388
232.002 345.712
139.147 278.096
152.858 270.048
168.001 270.902
178.265 282.475
165.005 284.647
151.384 283.757
227.208 279.1
236.409 267.865
250.082 264.998
261.543 271.669
251.813 278.561
239.503 280.215
164.832 376.79
180.696 372.732
195.738 369.901
211.389 371.53
222.35 368.535
232.72 368.136
242.988 368.656
232.962 379.494
223.239 387.835
210.172 392.077
193.929 390.225
179.56 384.544
190.867 376.831
210.233 377.946
224.802 374.621
224.458 375.477
210.729 379.076
191.741 377.23
