77.445 203.799
85.5384 205.379
93.5324 208.86
100.754 213.415
106.45 217.58
141.563 214.638
156.777 209.085
173.236 205.633
189.948 208.14
204.758 216.314
124.877 241.307
121.251 256.006
117.16 270.396
113.479 285.087
109.267 299.768
114.344 302.827
120.803 304.593
130.811 304.581
139.819 301.61
86.3276 235.991
92.9167 230.748
102.441 231.678
110.323 240.831
101.469 244.241
91.8738 243.208
158.166 241.757
165.868 231.196
178.268 231.744
190.91 239.096
179.861 245.394
167.942 246.228
106.499 332.801
109.828 328.765
115.534 326.504
121.844 327.633
134.552 328.562
147.02 331.734
160.392 335.986
151.001 345.638
138.438 351.207
124.563 352.3
115.051 349.034
109.069 342.493
117.494 335.391
122.992 336.09
137.268 337.366
137.705 338.079
123.33 337.087
117.197 336.034
