80.9098 158.161
88.101 153.261
97.7588 154.723
105.823 158.183
112.889 162.744
152.852 160.381
167.621 154.297
183.013 152.119
198.682 154.672
211.543 162.905
132.394 190.692
128.491 206.096
124.392 221.062
120.421 236.507
113.196 252.512
118.263 255.932
125.09 257.207
135.564 257.05
145.68 255.101
87.4605 194.665
94.6704 187.284
105.267 189.039
114.689 197.846
104.569 199.508
94.1219 199.661
158.541 196.411
166.542 187.308
178.649 187.745
190.801 193.572
179.754 198.58
168.04 199.186
109.12 287.55
110.691 279.553
117.09 274.319
125.235 274.832
139.466 276.204
151.465 282.867
163.196 289.661
153.565 300.148
140.077 305.737
126.377 305.683
117.328 302.963
111.17 296.162
118.512 284.032
125.58 283.917
140.89 285.246
140.412 290.49
126.16 291.028
119.3 289.152
