82.7833 180.835
88.2372 177.851
94.7747 179.337
100.891 182.407
106.939 186.251
143.982 182.025
157.759 175.812
172.526 172.813
187.754 174.677
201.501 181.478
125.797 215.468
122.844 231.397
118.936 246.684
114.724 262.456
110.924 277.392
115.857 279.651
122.121 280.867
130.33 280.226
139.322 279
89.8077 214.199
94.7737 207.715
104.819 209.332
112.216 219.52
102.485 219.951
93.2132 219.077
157.286 217.801
162.579 205.639
175.934 203.902
189.106 210.511
179.479 216.811
167.046 218.759
106.436 300.629
110.409 299.693
116.671 299.577
123.789 300.57
138.867 300.568
153.29 302.758
167.668 305.013
155.623 314.103
141.853 319.686
126.491 321.339
116.891 317.217
110.91 310.041
117.029 307.441
124.999 308.546
141.907 308.99
142.397 309.189
125.307 308.474
117.085 306.925
