86.1012 229.594
90.3842 230.326
94.4367 232.679
98.7655 236.754
102.241 241.73
125.675 237.983
138.468 233.956
152.835 233.557
166.5 236.094
178.656 242
114.654 266.971
109.867 280.835
104.486 293.73
99.0847 306.569
99.0936 320.469
101.863 323.331
105.833 324.777
113.816 324.548
122.161 323.285
88.8226 266.708
92.6252 260.873
101.373 263.403
107.857 269.903
99.6713 272.803
92.7186 272.163
138.225 271.665
144.541 263.211
155.392 264.532
165.386 268.457
156.026 273.799
146.356 274.965
98.0201 349.6
97.2445 343.669
100.916 339.535
106.678 340.818
118.419 341.498
129.139 346.764
137.861 353.558
128.505 357.753
118.081 359.118
108.137 359.54
103.173 357.494
99.7772 353.466
104.795 348.249
109.086 349.302
120.585 349.725
118.624 349.465
107.75 348.551
104.019 347.509
