100.155 218.332
109.229 207.908
121.685 202.379
135.204 201.874
147.772 206.055
195.78 202.638
210.526 197.632
226.435 195.977
241.491 200.401
253.09 210.249
176.984 239.064
177.105 253.572
177.133 267.822
176.948 281.816
163.954 298.029
170.453 299.153
178.093 299.566
186.798 298.51
194.774 296.349
121.826 242.672
130.985 237.571
141.932 237.441
152.064 243.425
141.837 246.835
131.06 246.274
203.229 240.407
211.809 234.398
222.592 233.254
234.509 236.571
224.309 241.97
213.356 243.03
150.02 331.262
157.048 322.195
166.252 315.753
177.695 316.377
190.201 315.54
201.868 321.263
213.093 329.484
202.996 336.555
192.533 341.26
179.817 342.991
168.24 342.123
158.89 338.199
166.703 329.012
178.841 327.694
193.315 328.012
192.859 328.881
178.534 329.665
166.45 329.709
