110.621 197.081
122.268 190.05
135.417 187.036
148.212 187.918
160.062 193.054
202.904 195.879
214.302 191.532
226.298 190.146
238.666 192.244
249.157 199.005
180.993 218.154
180.747 234.162
180.691 250.106
180.43 266.277
163.291 276.624
171.495 278.914
180.324 280.045
188.952 279.066
196.864 276.832
124.656 218.658
134.214 213.459
145.629 214.711
153.198 223.528
142.96 225.824
132.22 224.599
206.271 224.383
213.547 215.577
224.928 214.242
235.122 220.282
226.533 225.51
215.981 226.394
145.542 303.963
156.084 298.31
167.442 295.089
179.075 297.432
189.999 295.107
200.084 298.663
209.251 304.86
200.172 313.01
189.9 317.843
178.368 319.236
165.807 317.956
154.852 312.55
165.491 303.657
178.665 304.738
191.37 303.836
191.265 305.329
178.863 306.673
165.582 305.561
