85.4783 223.227
91.328 217.801
100.239 216.496
109.462 218.236
117.703 223.05
160.144 222.509
173.845 219.514
188.308 220.071
202.016 224.672
214.131 233.235
134.849 256.519
131.986 273.874
128.412 290.673
125.159 307.482
118.918 319.42
124.834 321.418
131.297 322.144
139.838 322.123
148.708 320.959
91.5619 252.936
97.7596 245.528
108.608 247.037
115.821 256.47
106.376 259.416
96.9175 258.919
163.294 259.598
171.53 250.197
183.645 251.894
195.098 259.075
184.549 264.665
172.653 265.092
110.172 341.52
113.863 336.757
121.655 335.154
130.573 336.147
146.341 337.448
160.923 343.009
174.716 347.897
161.946 357.567
146.728 363.127
130.745 364.055
120.237 359.536
113.728 351.561
121.06 343.419
130.799 344.758
147.977 346.166
147.812 350.486
130.886 350.603
121.099 347.107
