84.5279 170.604
87.177 167.779
90.6783 167.262
95.4022 168.997
98.9194 170.903
119.179 165.374
134.168 163.193
149.27 164.065
162.988 169.765
174.767 178.346
113.213 202.756
108.618 218.099
102.882 232.73
96.587 247.182
100.835 261.186
103.172 263
106.832 263.567
113.885 263.19
121.981 262.769
90.3584 204.649
92.6844 197.144
101.625 198.93
108.336 206.661
100.773 209.351
93.2278 209.329
136.785 201.926
140.16 191.979
151.158 192.175
161.989 196.716
153.346 202.056
144.018 203.675
102.043 292.56
99.2187 285.989
101.023 279.664
105.601 280.403
118.14 280.829
129.227 285.981
139.82 291.435
130.275 298.396
119.989 302.217
109.821 304.29
105.281 302.543
101.974 298.339
104.741 290.225
107.873 290.109
120.957 289.876
120.791 291.721
108.206 291.905
105.216 292.066
