93.8008 264.734
97.4265 261.033
103.252 260.587
109.694 261.607
115.859 265.045
138.967 263.592
151.825 259.825
165.205 259.312
177.499 263.481
186.799 273.183
129.425 293.319
125.776 306.744
120.8 319.986
115.899 333.73
116.874 348.03
119.869 347.897
123.735 348.414
130.089 348.363
136.597 348.188
98.9475 290.116
102.472 284.961
111.045 286.868
118.218 294.82
109.769 296.356
101.979 295.387
147.964 295.453
153.708 286.273
163.164 287.312
172.322 292.947
164.161 297.896
155.206 298.622
117.023 368.43
114.735 364.787
117.51 362.72
123.352 362.454
135.376 362.912
147.48 366.15
158.647 370.964
148.9 376.118
138.866 379.94
128.863 381.059
122.563 378.811
119.72 374.143
123.324 369.715
126.722 370.699
137.436 370.374
137.575 372.29
127.795 372.484
124.147 371.253
