174.834 215.85
187.341 205.206
203.328 198.556
220.973 197.928
237.324 202.328
262.876 207.179
266.578 202.544
271.584 199.956
276.236 199.296
280.565 200.849
253.249 241.546
260.097 258.327
267.603 274.399
274.314 290.928
246.741 306.081
255.997 308.815
264.211 309.698
268.126 308.535
271.816 306.215
197.474 240.743
207.462 237.022
217.359 235.424
224.229 240.334
217.07 242.71
207.683 242.279
261.951 239.891
268.713 233.685
276.681 233.076
279.299 239.682
275.378 241.438
268.279 241.595
214.007 338.087
228.381 333.512
244.229 330.633
259.152 331.286
265.731 330.881
269.192 333.26
265.336 338.576
264.297 343.869
261.486 347.349
256.241 349.425
241.596 348.277
226.112 344.937
240.074 338.949
255.304 338.779
261.736 338.235
261.452 340.12
256.428 340.54
240.691 340.27
