184.975 242.102
196.604 232.643
210.953 226.808
226.443 225.94
241.759 227.907
264.718 233.197
269.335 229.58
274.858 227.452
279.866 227.454
283.764 229.199
256.771 263.779
263.881 275.768
271.319 287.475
278.214 299.997
251.138 318.72
259.511 320.169
266.363 320.226
270.402 319.339
274.295 317.183
202.084 262.708
213.223 256.22
224.644 253.782
230.576 263.587
222.976 266.64
212.342 265.704
262.766 263.458
268.834 254.199
276.762 252.214
280.478 259.369
277.719 263.618
270.61 264.036
229.322 350.644
242.028 343.832
254.525 339.042
267.905 337.148
273.678 336.384
276.774 340.006
273.112 345.778
273.647 353.776
271.461 359.176
265.763 362.133
252.643 361.919
240.625 358.323
250.979 347.981
265.685 346.384
271.153 345.816
270.016 348.355
264.667 349.535
250.807 350.179
