83.0805 216.003
88.2992 209.153
97.063 207.054
106.826 208.109
115.759 211.751
147.496 210.048
162.957 206.649
178.479 205.608
193.395 209.736
206.143 218.121
133.139 244.507
130.086 260.104
127.114 274.45
124.156 288.822
113.544 304.262
118.637 306.369
125.037 307.304
135.169 307.438
145.287 306.836
90.8778 245.953
98.6131 237.724
109.35 239.443
117.774 249.634
107.197 252.131
97.0686 251.337
157.732 250.657
166.04 240.284
178.759 240.264
191.078 247.375
179.633 251.932
167.811 253.133
104.588 334.033
108.448 327.265
115.811 323.243
123.845 324.536
137.122 325.295
148.744 331.442
159.991 338.765
148.214 343.655
136.222 347.338
124.02 347.996
115.354 346.528
108.583 341.196
116.928 333.366
124.311 333.637
137.396 334.537
137.387 335.208
124.086 334.258
116.146 333.727
