94.4988 242.362
97.1018 241.333
100.145 242.804
102.632 246.336
104.783 250.049
130.324 248.207
141.332 247.983
151.406 250.519
160.918 255.257
170.096 262.369
113.1 273.703
108.063 286.352
102.74 298.643
97.1412 311.064
96.5796 328.2
101.341 329.713
106.287 330.681
111.361 331.286
118.344 331.857
95.8447 269.294
99.3424 265.023
105.864 267.789
110.205 275.445
104.131 277.448
97.4796 275.527
133.824 279.361
139.372 271.378
148.562 273.369
158.011 279.127
148.588 284.236
139.422 283.664
98.6351 353.945
97.5288 349.465
100.243 347.157
103.783 348.365
114.51 351.087
123.78 356.628
133.328 362.419
124.023 365.574
113.443 365.801
103.548 364.431
99.2703 361.258
97.8442 357.944
103.035 353.211
105.04 353.526
115.586 356.841
114.769 358.97
104.15 356.081
102.704 355.079
