86.7131 227.286
95.9582 219.64
108.467 217.349
121.025 218.231
133.37 222.331
180.879 217.673
195.358 211.46
210.718 208.71
226.19 212.299
238.118 221.054
156.603 242.107
155.355 256.059
153.844 269.484
152.424 283.64
139.448 301.533
146.157 303.052
153.557 304.134
162.676 302.938
171.562 301.328
102.852 251.127
112.1 243.445
123.582 243.027
133.256 250.495
123.286 253.649
112.755 253.949
185.415 247.348
194.808 238.866
206.669 238.886
217.99 245.729
207.297 248.903
196.319 249.053
124.437 330.127
134.114 324.258
144.07 319.576
154.491 321.826
167.706 319.186
180.408 324.245
193.572 329.424
182.013 337.519
169.587 342.695
155.85 344.931
143.195 343.59
132.67 338.772
142.288 329.182
154.84 329.777
170.961 328.751
171.251 330.786
155.237 332.435
141.717 331.86
