188.341 200.656
199.84 194.137
211.832 189.905
224.537 189.745
237.174 193.224
256.809 198.441
260.894 195.188
265.581 194.134
270.563 194.201
275.906 195.028
248.793 214.393
255.198 229.138
262.352 242.807
268.897 256.038
242.22 271.205
250.288 272.674
256.737 273.232
261.909 272.631
266.529 270.746
200.484 219.47
210.434 214.639
219.779 213.99
223.891 222.441
217.802 224.036
209.191 222.701
253.551 223.354
260.265 216.681
267.328 215.981
268.811 222.617
265.313 225.1
259.789 225.318
219.977 300.019
232.517 293.842
245.859 289.8
259.144 289.095
265.775 289.339
269.369 293.701
269.305 298.238
267.149 304.532
262.654 309.149
256.871 310.636
244.34 309.692
231.997 306.27
242.957 298.496
257.67 298.061
263.177 297.814
262.531 297.858
257.632 297.192
243.309 298.66
