108.295 210.152
119.795 203.399
133.708 202.001
147.389 204.385
160.327 209.635
196.372 210.486
209.191 206.026
222.609 204.606
236.196 207.263
247.18 213.967
179.343 234.185
179.264 250.554
179.148 266.744
178.796 283.067
160.585 298.133
169.04 299.479
178.361 300.265
187.864 299.37
196.088 298.228
121.719 236.291
133.674 230.655
146.011 231.83
154.404 241.133
143.314 243.674
131.937 242.339
204.983 241.84
213.323 232.293
225.496 231.514
236.866 237.981
226.413 243.44
215.475 244.032
145.38 326.287
155.035 319.108
166.066 313.479
178.078 315.309
190.7 314.49
202.098 320.467
211.998 327.933
201.942 334.892
190.181 339.755
177.934 341.443
165.405 340.192
153.978 334.406
163.288 324.079
177.726 324.908
193.128 325.292
193.004 325.654
177.698 325.787
163.267 325.005
