109.821 236.275
120.47 230.219
133.127 228.309
145.738 228.849
157.865 232.179
199.142 231.223
211.686 228.186
224.569 227.88
237.467 230.124
248.339 236.587
179.171 259.418
178.806 274.567
178.402 289.617
178.124 304.317
165.833 316.766
172.025 317.76
178.608 317.96
185.73 317.384
191.745 316.325
123.365 258.11
133.436 251.866
145.576 253.294
153.581 262.615
142.396 264.492
131.782 263.751
204.293 262.158
212.141 253.245
224.527 252.386
234.623 259.294
225.882 264.534
214.961 264.843
152.842 347.12
160.4 341.011
168.791 335.213
178.533 336.13
188.808 335.411
197.494 340.671
206.064 346.555
198.008 353.932
188.958 357.92
179.038 358.598
169.339 357.995
160.429 354.02
169.399 346.024
178.432 345.746
188.789 345.544
188.821 345.554
178.656 345.483
169.656 345.79
