191.659 206.169
202.52 198.908
216.133 196.43
229.242 197.417
242.256 200.215
264.333 202.297
268.051 197.004
273.578 193.89
279.258 193.345
284.379 196.82
255.106 231.904
261.629 245.832
268.611 258.431
274.951 271.013
250.127 292.688
258.521 292.452
264.839 291.928
267.685 290.447
270.774 288.074
206.042 231.117
214.798 227.072
223.384 225.618
227.823 232.949
221.984 236.117
214.022 234.813
261.323 233.678
268.479 226.489
275.643 224.698
279.258 229.227
276.051 233.38
269.523 234.368
230.867 327.487
243.08 320.23
255.697 313.692
268.566 311.311
273.391 309.806
276.064 313.487
274.162 319.803
274.468 325.898
271.74 330.263
266.837 333.43
254.402 334.764
242.501 332.486
252.425 323.515
266.673 320.726
270.861 319.921
271.337 322.096
266.621 323.603
252.657 326.091
