180.632 217.552
192.824 210.749
206.34 207.444
220.487 207.626
234.11 211.209
254.022 216.602
258.727 214.95
263.373 213.839
267.753 214.73
271.679 217.422
241.803 244.974
246.848 257.101
252.573 268.767
258.48 280.947
236.248 301.244
243.7 301.483
249.559 301.833
252.72 301.324
256.23 300.072
195.613 240.364
205.241 235.202
215.221 234.426
219.551 245.076
212.066 247.251
203.938 245.188
248.943 249.063
255.547 241.222
263.156 239.837
264.623 246.626
262.455 250.721
256.015 250.951
216.989 333.695
228.838 327.849
240.22 322.195
252.281 322.195
258.127 321.379
261.429 325.643
260.049 330.825
259.129 337.763
255.667 343.08
249.934 345.214
238.231 343.926
226.915 340.001
239.034 330.835
250.836 330.872
254.405 331.123
253.838 331.908
250.199 331.947
238.913 332.735
