88.314 258.967
98.9537 254.338
110.265 252.734
121.457 253.672
132.15 257.773
173.178 254.161
186.513 249.122
200.786 246.989
215.862 249.562
229.343 255.69
149.828 277.58
148.259 294.963
146.183 311.501
144.382 328.775
133.429 343.913
140.325 346.252
147.707 347.075
158.434 346.369
168.713 343.922
100.779 284.87
110.56 278.821
122.504 280.276
132.023 289.718
119.72 289.465
108.85 288.222
181.436 287.003
189.629 277.775
202.176 275.453
215.216 280.136
203.744 283.881
192.574 285.737
122.206 375.495
130.641 368.861
140 365.212
149.696 366.918
164.068 365.282
178.625 368.634
193.38 374.949
180.726 384.492
166.443 391.302
151.86 393.138
139.584 391.645
129.102 384.917
136.352 375.291
150.243 376.507
170.827 375.411
170.919 378.523
150.957 380.581
136.481 378.327
