91.1897 161.777
97.2214 155.721
105.646 153.609
114.336 155.293
122.442 158.076
154.778 157.558
168.064 155.529
181.778 155.645
194.66 160.434
203.712 169.544
134.05 187.519
129.665 201.44
124.367 215.348
119.324 229.162
111.644 245.416
116.799 248.318
122.85 249.891
131.517 249.789
140.452 248.138
95.1344 189.05
102.548 184.348
110.7 185.544
117.902 192.395
109.498 194.223
101.315 193.821
160.912 194.962
168.082 186.916
178.9 187.98
189.207 193.522
180.06 196.743
169.981 197.612
102.68 276.109
106.97 269.175
115.334 265.766
123.966 267.428
136.676 267.463
147.587 272.87
157.923 279.849
146.896 286.173
135.48 289.146
122.938 290.218
113.52 288.804
107.113 283.604
115.223 275.44
123.719 276.52
136.494 277.171
135.8 280.181
122.931 279.759
114.855 278.038
