152.963 197.868
163.533 191.534
176.506 190.457
189.232 191.863
201.434 194.829
235.132 192.523
241.519 188.663
248.731 185.499
256.415 183.654
263.641 185.904
222.342 215.388
225.804 227.937
229.458 239.66
232.82 251.836
214.124 268.921
222.491 268.666
230.336 267.867
235.594 266.762
239.917 265.311
169.887 221.973
178.482 214.846
188.918 213.987
196.318 222.873
187.886 226.355
178.286 226.384
238.553 219.554
243.514 210.007
251.991 207.755
258.792 213.424
253.886 219.772
246.06 221.181
201.772 298.464
210.985 290.686
220.97 284.638
232.347 283.537
240.115 281.326
247.425 285.108
251.802 291.851
248.43 299.391
241.529 304.502
233.638 306.819
222.381 307.415
211.372 304.855
220.009 294.232
233.39 293.299
241.546 292.003
241.912 292.029
233.211 292.874
219.516 294.537
