97.7651 233.366
111.631 226.912
126.477 225.184
140.591 226.686
154.511 230.313
202.163 226.673
214.508 221.023
227.555 218.197
241.13 218.714
252.388 224.706
179.871 252.082
180.59 267.304
181.422 282.418
182.127 297.358
163.602 313.336
172.275 315.114
181.889 315.955
191.007 314.334
199.237 311.23
120.88 255.441
131.452 249.054
143.667 248.774
152.83 257.881
142.17 260.95
130.878 260.848
204.473 254.209
211.709 244.338
223.06 242.668
233.8 247.941
225.562 254.438
214.72 255.966
149.488 343.958
159.484 337.295
169.45 331.237
180.833 332.289
191.822 330.093
201.659 334.783
211.134 340.385
202.157 347.56
192.43 352.814
180.96 355.221
169.443 354.5
159.087 350.414
168.227 341.677
181.059 341.093
193.678 340.518
193.227 340.896
180.649 342.172
167.713 341.851
