121.885 257.136
136.174 250.034
152.256 246.751
168.158 248.441
183.657 252.122
224.78 252.148
234.146 246.398
244.104 242.366
254.453 241.465
263.299 246.491
206.425 279.576
210.477 296.8
214.966 313.978
218.987 330.835
196.871 353.388
206.673 354.25
216.374 354.033
223.113 352.52
229.284 349.295
141.065 285.083
153.24 277.442
166.436 277.265
175.494 286.85
164.819 289.896
152.542 289.564
227.048 283.83
234.866 273.896
245.888 272.029
255.85 279.464
248.283 284.692
237.87 285.146
178.145 388.114
189.032 378.601
201.191 370.83
215.91 370.515
226.02 368.263
234.972 373.479
241.956 382.308
236.615 392.661
227.932 399.81
217.03 401.998
202.968 401.817
189.858 396.725
201.672 384.227
216.283 383.127
226.73 382.587
226.639 383.737
216.652 385.048
201.906 385.166
