93.6409 226.953
105.396 220.161
119 219.746
131.963 222.115
144.161 227.568
178.298 222.892
192.31 217.144
206.9 213.899
222.091 215.387
235.216 222.415
161.609 249.374
161.737 263.616
161.456 277.737
161.185 292.403
147.513 305.909
154.465 308.143
161.865 309.141
171.079 308.299
179.775 306.083
109.712 249.023
120.024 244.08
131.086 245.269
139.209 252.952
128.982 256.194
118.021 255.298
185.705 252.352
193.16 242.479
205.389 241.117
217.07 245.588
207.934 252.688
196.448 254.654
134.365 327.393
143.274 324.054
151.855 321.562
161.064 323.102
173.388 322.115
184.892 325.498
196.569 328.617
186.025 336.474
174.875 342.145
161.756 343.862
150.428 341.759
141.921 335.429
150.191 329.165
161.393 329.948
175.586 329.176
175.34 330.693
161.471 332.237
150.308 330.545
