92.3912 206.658
98.1843 203.095
106.005 202.076
113.887 202.031
121.19 204.64
153 202.495
166.896 199.566
181.184 199.185
194.877 201.337
207.225 208.606
136.396 229.272
134.016 242.857
131.367 256.302
129.157 269.891
124.686 285.868
129.883 287.407
136.214 288.172
143.653 287.175
151.063 284.685
99.7979 231.238
106.101 225.267
114.657 226.127
120.501 233.849
113.431 235.77
105.676 235.101
161.958 232.723
168.478 224.072
179.428 223.399
189.373 228.736
181.04 233.036
170.97 234.396
117.162 309.798
120.823 303.896
127.223 300.167
134.357 300.93
147.309 300.599
158.667 305.944
170.4 309.944
160.16 316.823
147.955 320.505
135.276 320.771
127.575 319.517
121.821 315.434
128.48 309.221
135.345 309.277
147.56 309.086
147.231 308.985
135.43 309.74
128.608 308.974
