158.403 194.824
169.465 187.902
181.722 184.551
194.415 185.586
206.619 188.999
242.954 192.714
249.324 188.13
256.62 185.357
264.714 184.732
271.492 188.596
227.418 220.049
230.924 234.587
235.152 248.809
239.21 263.125
220.158 283.631
228.867 283.958
236.568 284.081
240.92 283.252
244.252 281.506
172.14 222.079
183.172 214.938
194.543 214.778
200.868 223.561
192.507 226.862
181.89 226.362
242.519 223.902
250.508 215.189
260.777 213.093
267.427 220.719
260.971 225.805
251.944 226.074
203.188 318.024
213.25 310.623
223.96 304.031
236.498 303.659
243.644 302.451
249.773 306.498
253.423 312.589
248.867 318.653
243.054 323.892
235.804 326.037
224.698 325.706
214.068 322.588
224.136 313.541
236.007 313.211
241.86 311.852
242.166 311.8
235.813 313.168
224.659 314.203
