92.6534 116.568
98.2395 111.14
104.999 108.764
112.246 109.328
118.825 111.996
150.814 108.615
163.97 103.989
177.612 102.182
191.129 105.314
202.718 112.614
132.619 135.738
129.1 148.01
124.836 159.386
120.974 170.931
114.974 196.468
119.702 196.397
125.136 196.109
132.973 195.727
140.593 194.898
97.4074 144.649
102.983 138.094
111.271 138.669
118.428 144.933
110.995 146.008
103.513 146.057
160.019 141.27
166.447 134.043
176.586 133.05
186.387 137.755
177.861 140.553
168.587 141.751
105.878 227.904
107.955 219.338
114.472 214.602
123.498 214.123
136.472 214.527
147.93 219.657
158.605 226.648
147.538 232.935
135.47 236.348
123.78 236.955
116.577 236.626
109.743 234.196
116.6 227.112
124.454 226.708
137.697 226.644
136.213 226.63
123.453 226.823
116.063 227.202
