90.05 243.027
99.0998 235.645
111.236 234.702
122.964 238.028
133.885 244.003
174.73 242.975
190.1 236.323
206.358 232.826
222.677 235.582
237.268 243.371
153.884 273.925
152.261 293.085
150.024 312.053
148.223 331.315
138.704 346.077
144.452 348.526
151.231 349.68
161.1 348.754
171.268 346.634
101.444 276.202
110.368 268.578
123.671 269.603
133.878 280.648
121.639 283.909
108.981 283.534
183.257 277.993
192.208 266.027
206.426 265.294
220.156 272.551
208.791 279.833
195.36 281.034
127.281 376.349
134.769 370.65
143.495 366.539
152.643 369.315
166.762 367.18
179.595 372.834
191.591 379.256
180.79 388.858
168.451 395.857
154.288 397.065
142.865 393.631
133.674 385.779
142.177 378.107
153.518 379.607
169.039 379.027
168.867 380.314
153.794 381.12
142.422 379.236
