87.7661 194.172
92.8947 193.247
97.1127 194.022
101.548 195.639
105.438 198.128
122.925 188.602
135.291 183.527
148.907 181.31
162.637 182.951
174.699 188.945
114.97 219.782
109.279 231.975
102.608 242.517
95.3531 253.746
94.9897 270.258
98.8764 271.473
103.232 271.471
109.168 271.276
116.878 270.288
94.838 225.153
98.2735 220.013
104.141 220.001
108.982 225.542
103.813 227.845
98.5732 228.407
136.276 220.133
141.232 210.527
150.419 210.855
160.04 215.376
150.758 219.802
142.794 220.899
92.2452 302.498
89.6443 295.012
92.2424 288.665
98.8894 287.393
111.178 287.722
122.435 292.692
133.377 298.647
122.613 302.655
111.58 305.028
101.659 307.437
96.7259 307.898
93.4058 305.775
97.9134 297.221
100.71 296.13
113.658 295.01
113.91 297.407
101.709 297.894
99.3507 297.695
