86.4905 209.464
91.7044 205.856
97.6569 205.123
103.398 206.421
107.373 210.065
127.982 203.121
140.197 199.237
153.23 198.22
165.653 201.074
175.044 209.071
117.68 235.758
113.134 247.201
108.29 257.923
102.94 268.865
102.868 285.203
107.396 287.604
112.736 288.772
120.478 288.083
127.764 286.457
93.1992 237.879
96.4931 231.059
104.325 232.576
110.304 240.795
103.697 243.38
96.7752 242.805
140.137 237.777
144.224 227.923
153.672 228.631
163.318 234.124
154.915 238.289
146.504 239.688
99.2625 318.523
99.3696 313.298
103.574 309.06
109.306 310.386
121.558 309.946
132.655 314.194
141.968 319.237
133.074 326.676
122.387 331.448
110.732 333.633
104.636 331.719
100.513 325.867
106.36 319.518
111.081 320.438
122.833 319.296
122.023 319.505
110.009 320.388
105.21 319.441
