94.5581 208.418
106.235 198.649
121.412 194.648
137.214 193.771
151.793 196.81
198.504 191.481
213.233 187.096
228.558 186.69
244 190.147
255.982 199.378
177.202 232.273
178.089 248.338
179.076 264.382
179.994 280.183
165.805 301.146
172.601 301.162
180.204 301.189
188.326 300.509
195.994 299.872
114.377 240.136
125.622 232.866
138.191 232.707
149.282 241.431
137.481 245.067
125.453 244.893
205.726 237.548
215.104 227.424
228.001 226.663
239.436 232.752
229.086 239.008
217.006 240.307
150.781 339.556
158.872 330.459
168.343 323.587
179.713 324.548
191.925 322.924
203.12 328.413
212.672 336.368
204.222 345.885
192.992 349.829
181.182 351.072
169.974 351.141
159.298 347.639
168.522 334.779
180.192 334.46
192.875 334.264
193.111 334.78
180.086 335.562
167.915 335.844
