80.5383 181.862
85.988 180.853
92.2301 181.93
98.0944 184.96
102.671 189.482
126.285 184.929
140.66 179.967
156.011 179.13
170.858 182.184
183.26 191.19
112.689 208.863
107.975 221.73
102.217 233.325
96.3992 244.882
94.7257 262.731
98.6726 264.049
103.478 265.045
111.414 265.209
119.572 264.913
87.9479 210.65
92.2481 205.686
98.5964 207.12
103.872 214.51
97.8289 215.041
92.0452 213.785
137.901 214.663
144.199 205.751
153.079 206.246
162.008 211.03
154.086 215.163
145.953 215.757
87.405 294.055
86.9885 285.995
92.6 281.246
99.7049 281.757
113.092 284.148
125.209 290.083
136.624 296.171
124.918 301.712
112.643 303.619
99.4628 303.048
93.1078 301.313
88.3941 299.01
95.7075 291.767
100.009 291.051
112.682 292.751
111.72 293.848
99.3833 293.026
95.2907 292.869
