126.794 251.318
140.932 245.068
156.309 243.09
170.886 244.704
185.225 248.824
227.604 246.003
238.441 242.851
249.657 241.606
261.137 241.983
271.029 247.013
207.504 267.138
208.737 283.013
210.246 298.934
211.869 315.304
187.352 327.81
198.491 329.754
209.732 330.495
219.215 328.596
227.721 325.875
143.954 272.589
155.266 266.543
167.058 266.471
176.378 274.662
165.381 277.366
154.431 277.032
229.532 273.747
237.96 266.266
248.845 264.807
258.474 270.454
249.91 275.913
239.677 276.16
171.962 356.668
184.272 350.641
196.829 345.464
209.718 346.432
219.193 343.66
228.346 347.258
235.936 353.988
229.046 363.271
220.081 370.125
209.047 372.613
195.369 371.373
182.798 365.033
193.631 356.572
209.451 356.909
220.979 355.505
220.648 355.272
208.874 357.327
192.829 356.853
