78.9263 241.353
84.7043 241.714
90.1644 244.008
94.941 246.492
100.675 249.029
124.24 243.289
138.825 239.624
152.785 239.598
166.657 242.824
178.562 249.552
108.493 262.121
101.315 278.848
93.5175 295.025
85.4234 312.319
90.6535 329.88
93.3252 331.438
96.9977 332.008
103.827 332.558
112.257 332.342
89.8723 259.943
92.9043 253.337
99.8515 253.19
106.691 260.654
100.534 264.72
93.9861 265.147
138.208 258.815
142.498 247.299
152.383 247.25
161.298 254.188
153.722 259.548
145.045 261.625
92.7822 366.426
91.6184 361.298
94.3266 356.945
98.7366 357.173
113.966 356.392
128.704 360.067
144.29 363.858
132.238 372.125
116.822 375.461
102.388 375.936
96.8 376.046
92.3823 372.672
98.7201 364.672
100.499 364.022
116.536 364.055
116.278 365.543
100.981 364.861
99.4868 366.245
