114.197 192.832
123.228 185.81
134.789 183.697
146.445 185.33
157.313 189.91
198.384 188.528
208.395 183.213
219.182 180.364
230.426 180.983
239.409 186.552
179.531 209.217
180.311 223.048
181.261 237.367
182.006 251.537
169.283 265.223
175.496 266.339
182.524 266.632
189.419 265.706
196.138 263.755
125.903 214.205
135.934 207.06
147.201 207.573
155.777 216.259
145.74 219.202
135.355 219.02
201.764 214.354
209.207 205.045
220.104 204.07
229.492 210.264
221.648 215.496
211.759 216.089
154.883 296.754
164.023 291.284
173.074 286.196
183.285 287.1
193.883 285.063
203.918 288.76
213.979 293.241
205.025 300.079
195.384 304.004
184.678 305.794
173.889 304.888
164.004 301.585
172.046 294.767
183.826 294.74
196.747 293.106
196.613 294.035
183.611 294.812
171.557 295.314
