98.9485 245.819
109.846 235.79
124.371 229.991
140.279 230.144
155.581 234.481
206.496 240.169
222.752 237.955
239.133 238.71
253.772 245.669
264.863 257.914
179.901 267.727
178.958 286.089
177.896 304.586
177.156 322.762
156.896 339.347
166.117 343.497
177.094 345.556
188.718 344.439
198.558 341.021
115.607 271.756
126.352 264.267
139.962 264.477
150.506 273.45
138.359 276.086
126.422 275.813
207.543 277.619
217.846 269.013
231.515 269.304
243.248 276.554
231.54 280.555
219.328 280.332
139.056 374.798
150.112 367.542
163.108 363.663
176.173 365.891
190.295 364.656
203.732 369.684
216.494 376.443
203.584 386.188
189.928 392.734
175.029 393.611
161.495 391.687
149.237 384.827
159.144 376.343
175.815 377.567
193.8 377.193
193.992 377.295
176.045 378.275
159.322 376.686
