76.6788 168.714
86.7552 164.021
97.3169 163.321
107.084 166.495
115.52 171.371
141.837 163.688
158.931 155.622
177.572 152.374
195.3 156.63
209.503 168.675
124.034 201.818
119.271 218.725
113.821 235.952
108.606 252.633
103.147 272.836
108.687 275.942
115.634 277.495
127.17 276.694
137.724 274.013
81.7818 206.888
89.5245 197.014
101.249 197.229
109.776 206.718
99.9442 208.864
90.1261 209.853
154.954 203.047
162.484 192.763
175.463 192.377
187.385 200.104
176.625 204.7
164.658 205.963
94.9152 312.35
98.8469 303.989
105.417 298.75
114.088 299.931
129.997 299.592
143.606 305.976
155.347 312.686
143.214 319.971
128.593 323.706
113.972 325.183
106.51 322.523
99.709 318.388
108.178 308.464
114.936 309.592
129.676 309.844
128.703 310.168
114.145 310.947
107.263 309.366
