153.582 210.575
163.902 200.106
177.077 193.667
191.165 191.662
205.019 192.978
246.019 190.72
252.631 188.537
259.578 188.087
266.285 191.226
270.601 197.899
229.473 229.56
234.882 243.195
240.255 256.782
244.996 270.314
223.79 295.162
233.084 295.372
241.926 294.929
247.324 293.293
251.579 290.188
171.076 233.718
181.641 226.066
192.62 224.22
199.048 233.039
191.819 237.212
180.889 237.344
244.278 229.569
251.917 221.177
261.514 218.398
267.011 225.109
262.716 231.752
253.211 232.279
205.769 337.184
215.845 328.198
227.359 321.783
241.597 321.338
248.623 318.708
256.473 321.554
259.371 329.412
257.46 336.431
251.627 341.182
244.23 344.231
230.894 345.018
217.628 342.75
228.354 330.675
241.853 329.343
248.618 328.098
249.586 329.931
242.337 331.603
228.699 332.993
