136.386 167.751
146.223 160.109
158.534 156.077
171.559 155.164
183.896 158.09
211.782 156.4
223.048 152.971
235.125 152.602
246.602 154.909
255.3 162.051
202.4 185.827
205.164 198.229
208.317 210.236
211.308 222.254
194 240.756
202.043 240.287
210.609 239.466
217.806 238.371
224.159 237.539
150.186 191.01
159.466 184.524
170.218 184.373
178.626 191.284
169.426 194.322
159.662 194.167
220.288 189.145
227.864 182.485
237.837 181.046
246.018 186.266
238.42 190.758
229.127 191.446
183.265 270.601
193.013 263.829
202.719 257.87
214.179 257.423
223.142 256.087
231.601 260.343
238.378 266.866
232.123 273.382
223.954 276.931
215.402 278.133
204.406 277.906
193.62 275.289
200.8 267.002
214.299 265.956
223.565 265.117
224.303 267.19
215.091 267.715
201.257 268.292
