117.658 188.67
125.245 180.685
136.262 176.881
148.085 176.04
159.434 178.08
191.117 175.887
203.979 173.23
216.922 172.568
229.289 174.849
237.533 182.988
178.541 204.788
179.586 217.727
180.755 230.155
182.005 242.539
166.621 259.809
174.092 259.639
182.331 259.472
190.721 258.044
197.833 257.355
128.812 211.098
137.212 204.548
147.769 204.641
156.675 211.421
147.013 214.433
137.594 214.554
199.732 209.127
207.223 201.998
217.912 200.671
226.991 206.585
218.199 210.81
208.663 211.608
156.898 290.907
165.189 283.759
174.355 277.534
185.122 277.816
195.207 276.074
204.664 280.948
212.475 287.928
204.754 294.264
195.647 297.683
186.092 298.673
175.766 298.425
165.967 295.915
173.09 287.375
185.236 286.678
195.979 286.155
195.915 287.777
185.554 287.957
173.435 288.37
