131.121 174.516
143.763 165.84
158.325 160.001
173.926 159.83
188.845 164.934
227.495 168.689
237.27 164.604
248.02 163.916
257.553 167.292
263.786 175.323
209.053 191.867
210.895 207.907
213.226 223.533
215.552 238.922
190.57 257.35
200.393 258.761
210.501 259.527
218.035 259.26
224.145 257.531
147.968 196.891
158.405 190.544
169.626 189.956
177.802 197.374
168.18 198.966
158.022 198.481
227.324 202.049
236.971 195.703
246.856 195.744
253.357 202.88
245.753 204.047
236.559 203.42
163.806 288.805
179.456 283.477
194.581 278.918
210.463 279.617
220.551 278.684
229.903 282.987
236.966 289.965
228.319 296.381
218.834 300.051
208.202 300.476
192.886 299.347
177.984 294.833
190.261 287.935
209.804 287.287
221.437 288.691
221.089 290.188
209.243 289.328
190.603 289.48
