152.488 246.374
163.507 238.602
176.528 235.445
190.063 236.144
202.732 239.926
226.334 237.681
233.37 232.651
241.322 228.659
249.871 228.12
257.113 232.655
217.391 257.215
220.976 271.402
224.98 285.582
228.527 300.055
204.979 318.127
214.73 318.106
224.127 317.67
230.505 316.362
235.634 314.652
168.656 263.791
176.793 258.507
186.42 257.659
194.732 263.097
186.49 265.543
177.296 265.669
228.622 260.111
235.227 253.487
243.319 251.842
250.277 256.683
243.947 260.27
236.385 260.935
187.354 350.987
199.506 346.91
211.593 343.189
223.921 343.774
229.759 340.949
235.705 341.872
241.436 343.654
236.034 349.239
230.575 353.699
223.87 355.886
211.576 355.567
199.201 354.268
207.912 349.719
223.54 348.599
231.579 346.699
231.044 346.405
223.233 348.647
207.672 349.003
