106.167 218.478
115.423 209.746
127.526 205.587
140.25 205.968
152.829 209.288
204.304 210.096
216.979 205.86
230.354 205.121
242.434 210.218
251.321 218.629
178.976 239.639
179.217 257.825
179.373 276.009
179.876 293.262
159.703 305.696
169.58 308.561
180.432 310.115
191.344 309.142
201.685 306.899
122.128 242.913
130.897 235.818
142.52 235.824
151.582 243.888
141.436 246.459
131.692 246.617
207.056 244.355
214.34 235.953
225.94 236.099
235.838 242.322
225.965 246.43
216.258 246.767
149.213 339.335
157.668 332.383
168.201 328.283
179.676 331.197
191.591 330.162
202.281 335.45
210.787 342.51
203.173 350.893
192.823 355.732
180.986 356.376
168.458 354.378
157.359 348.756
167.093 340.43
179.454 341.609
192.507 341.911
192.223 341.392
179.826 341.988
167.786 339.936
