79.7526 197.231
81.5367 191.202
85.0213 188.86
89.6013 189.234
93.7667 191.979
132.112 189.155
146.463 187.306
161.686 190.041
174.578 198.512
184.521 209.574
108.787 225.404
101.559 240.427
94.5755 254.609
87.5417 268.851
87.3529 285.878
92.0743 289.644
98.7309 291.272
107.739 291.469
117.913 290.689
84.8906 225.962
86.5226 217.935
96.0734 219.658
102.903 227.83
95.3322 229.184
88.3833 229.237
138.986 229.498
144.561 219.508
155.967 221.607
166.048 228.635
155.527 230.9
145.941 231.354
91.3632 321.061
88.8338 314.795
93.0446 310.258
99.1568 311.984
113.313 313.301
125.639 319.372
136.358 326.728
127.059 333.522
115.426 336.165
102.505 337.221
95.9355 333.556
92.0638 328.153
95.8773 320.14
101.069 322.119
115.987 323.401
115.472 325.415
101.763 324.437
97.3881 322.04
