90.5269 233.191
93.5789 230.351
96.889 228.35
101.042 228.542
105.151 230.051
133.903 228.996
149.325 228.605
163.591 230.661
176.323 237.396
186.851 247.083
117.577 261.126
110.2 274.467
102.464 286.986
94.7456 299.575
96.6426 321.339
100.436 322.964
104.723 323.3
112.035 324.008
120.716 324.601
93.6064 262.649
97.0674 256.048
104.517 258.013
110.736 265.157
102.893 267.351
96.2863 267.253
144.091 264.943
152.303 257.974
162.492 259.736
172.791 264.412
162.382 269.529
152.025 269.301
92.33 356.544
89.6525 348.105
93.0807 341.379
99.4482 341.529
112.859 343.39
125.32 350.72
137.39 358.43
125.526 363.679
113.162 365.522
100.835 364.863
95.9773 364.087
92.5894 361.316
97.0312 352.896
100.947 352.307
114.948 352.795
114.374 356.001
100.807 355.631
96.9163 355.9
