128.923 191.129
144.412 185.121
160.947 184.072
176.59 187.72
191.397 194.953
224.918 199.346
235.512 193.324
247.215 189.987
259.145 190.625
269.09 196.393
208.317 218.773
208.81 233.91
209.361 248.837
210.013 263.614
184.137 278.007
194.549 281.25
205.098 282.891
214.377 282.014
222.463 279.175
145.809 216.077
156.254 212.765
166.97 213.21
175.945 219.519
165.981 221.26
155.273 219.937
224.976 223.514
234.781 218.086
244.783 218.315
254.4 223.277
244.988 226.426
234.943 226.089
160.085 310.068
173.956 305.366
188.024 302.03
201.346 305.304
212.158 303.505
222.143 308.406
230.857 314.367
222.259 321.566
211.79 325.629
199.723 326.058
185.783 323.944
172.217 318.819
184.223 311.813
200.562 312.934
212.726 313.354
212.783 314.821
200.573 314.352
184.408 312.768
