161.151 206.915
172.103 202.978
183.246 201.094
195.001 201.454
206.579 203.347
247.983 205.13
256.043 203.44
264.037 203.044
271.302 205.796
277.749 209.743
227.882 228.7
230.659 244.571
234.075 259.466
237.352 274.567
215.428 291.736
224.104 293.039
233.111 294.006
240.203 292.945
245.01 290.758
169.969 228.446
181.343 222.978
192.099 222.919
199.501 232.243
189.626 233.925
179.653 232.519
242.739 234.298
250.272 226.537
259.068 225.753
266.357 231.597
259.847 235.981
251.408 236.262
199.356 322.557
210.253 313.923
221.862 307.815
235.011 308.614
243.385 308.318
249.976 313.798
251.491 321.754
247.648 331.768
241.176 338.388
231.519 340.125
219.296 338.406
208.581 331.727
219.62 322.396
233.546 322.726
241.103 322.583
240.387 322.945
232.576 323.22
219.399 322.951
