90.433 179.057
95.17 174.44
101.537 171.584
107.997 172.071
114.385 173.993
152.571 172.386
169.873 169.274
187.831 170.149
204.15 177.119
217.217 187.402
131.351 207.164
125.815 219.425
119.919 230.915
113.935 242.696
105.522 264.435
111.862 267.335
118.683 268.657
128.785 268.541
139.49 266.869
98.1269 211.014
104.528 204.363
112.791 205.008
120.229 212.768
111.549 216.132
103.244 216.313
160.484 211.161
169.19 202.214
180.179 203.45
190.65 210.372
180.483 214.604
169.709 214.841
101.419 297.197
104.221 289.898
109.965 286.753
115.78 287.839
129.522 288.349
142.767 293.373
156.316 298.828
143.214 305.651
128.919 309.151
114.472 309.034
108.089 307.445
102.884 303.823
112.049 296.899
115.705 296.76
128.401 296.631
127.668 297.4
115.194 295.565
111.351 296.046
