150.489 185.835
162.367 177.255
177.156 173.474
192.393 172.707
207.361 174.097
239.768 172.41
246.258 168.964
253.38 167.113
261.149 166.508
268.417 169.02
228.216 198.61
234.588 214.124
241.12 229.433
247.158 245.095
222.285 263.284
232.226 264.852
241.632 264.427
248.238 262.459
253.703 258.555
172.186 207.488
181.893 203.11
191.866 200.998
200.903 205.412
191.774 208.841
181.618 210.087
240.571 201.955
247.018 195.231
255.459 194.172
262.977 198.512
256.823 202.161
248.598 202.874
208.117 296.236
219.294 290.078
230.729 284.378
243.26 283.153
248.755 281.208
254.288 284.084
259.534 288.588
255.67 294.293
251.237 297.715
245.294 299.727
232.896 301.83
220.585 300.788
230.372 293.606
243.698 291.18
249.736 290.325
250.117 289.685
243.99 291.271
230.885 293.447
