80.1317 169.895
83.0257 166.614
87.2907 165.617
91.8321 167.125
95.3881 170.515
119.635 162.674
134.626 158.375
150.206 157.862
164.806 162.3
177.455 170.714
108.264 190.276
104.015 205.668
99.4236 220.643
95.0287 235.688
97.895 249.744
103.752 252.189
110.132 252.817
117.293 251.742
125.052 249.452
87.6191 192.996
89.9452 186.182
97.4367 187.425
104.384 193.698
98.2332 196.567
91.649 197.021
138.425 190.49
142.534 181.074
152.747 180.838
163.553 185.962
154.544 190.469
145.222 191.81
105.469 279.71
104.598 275.383
108.289 272.502
113.6 272.925
126.402 271.586
138.906 273.118
150.385 275.644
141.16 283.043
130.045 288.005
118.572 289.697
112.59 287.929
108.115 284.292
112.676 279.175
115.997 279.056
128.434 277.768
128.321 279.524
116.804 280.908
113.383 279.394
