150.923 215.856
164.091 208.807
179.203 206.434
195.037 205.662
210.214 208.856
252.931 208.97
260.412 205.245
268.62 203.094
277.61 203.666
284.774 206.658
232.495 235.042
235.806 250.494
239.577 265.697
243.046 281.164
219.848 301.675
229.353 301.604
238.825 301.298
247.182 300.313
253.514 298.794
171.468 240.403
183.029 232.865
194.311 232.132
202.709 242.061
192.86 244.637
181.546 245.076
246.784 238.834
253.609 229.205
263.807 228.334
270.804 235.763
265.049 240.933
255.687 241.424
213.586 338.692
221.812 329.513
231.43 321.974
243.873 320.393
252.902 319.361
260.481 324.41
262.874 333.243
260.287 340.131
253.676 345.147
245.734 347.502
234.394 347.591
223.486 344.203
233.38 332.58
244.387 331.723
252.487 330.718
252.275 330.86
244.128 331.603
233.309 333.058
