135.832 238.731
147.359 230.839
161.547 226.581
176.017 226.351
189.987 228.706
223.829 227.689
233.688 224.862
243.652 223.742
253.642 225.107
262.687 229.235
212.362 252.896
215.475 266.632
218.61 280.26
221.441 294.148
202.49 315.019
210.674 315.517
218.771 314.916
225.65 313.993
232.244 312.09
155.236 259.323
164.72 252.399
176.289 251.878
184.418 259.469
175.353 263.196
165.201 263.159
229.629 255.988
236.447 248.236
246.466 246.687
254.428 252.793
248.2 257.44
239.095 258.17
187.843 351.936
196.499 341.056
207.789 333.258
220.601 333.869
230.875 331.109
240.762 336.619
246.559 346.544
240.221 354.974
231.17 361.262
221.059 364.338
208.63 363.637
197.535 359.106
207.105 346.333
221.131 344.863
231.915 344.896
231.041 347.588
221.22 349.026
207.348 349.54
