91.7509 177.943
98.1519 172.949
106.259 171.603
113.873 173.456
121.002 177.279
151.084 174.861
163.937 171.734
176.848 172.852
189.716 176.715
201.643 182.402
133.362 202.622
129.528 216.558
125.253 229.506
121.462 242.379
115.984 262.186
120.617 263.67
126.384 264.021
135.528 263.647
144.687 262.708
97.4483 206.227
104.22 198.714
113.836 199.745
120.833 207.15
112.856 210.212
103.781 210.448
161.162 207.58
168.575 198.842
179.277 199.053
189.343 204.289
180.024 209.3
169.943 209.909
114.62 294.409
116.697 287.025
121.69 281.804
128.133 283.376
139.199 283.42
148.529 289.828
157.467 296.819
148.725 303.001
138.364 306.098
128.527 306.624
122.289 305.955
116.777 301.978
124.236 292.981
128.376 293.762
138.607 293.193
138.235 294.224
128.06 294.206
123.456 293.351
