125.004 214.419
135.3 204.801
148.922 198.563
163.744 197.147
178.259 198.959
221.23 198.541
233.113 196.699
245.156 196.897
255.892 201.274
263.427 209.373
200.803 229.317
202.33 245.44
204.222 261.447
206.164 277.59
184.88 293.379
195.013 294.502
205.238 294.509
213.661 293.392
221.18 291.115
143.295 233.063
153.284 228.502
165.117 229.05
173.679 237.66
163.053 239.596
152.309 238.636
224.271 236.531
232.53 228.515
243.466 227.193
253.015 232.316
244.385 237.806
234.35 238.711
170.979 324.353
180.887 316.403
192.946 311.126
205.18 312.44
215.722 310.784
225.388 315.278
232.747 321.865
224.064 328.969
214.698 333.693
203.974 335.662
192.125 334.679
180.922 331.1
190.523 323.07
204.703 322.337
217.985 321.738
217.465 321.697
204.557 321.899
190.343 323.211
