89.6912 177.131
97.9617 170.241
108.521 168.304
118.774 171.633
128.62 176.18
176.545 173.372
189.689 168.611
203.146 166.285
217.779 167.887
230.128 174.921
149.928 202.81
147.216 215.809
143.778 227.964
140.297 240.427
130.173 261.477
136.049 262.819
142.355 263.311
152.071 263.628
161.68 263.344
101.844 208.068
111.455 201.933
121.977 202.976
130.572 210.821
120.515 212.798
110.374 212.293
182.698 210.922
191.828 203.011
202.603 202.318
213.164 208.491
203.405 212.903
192.47 213.464
115.697 294.241
124.619 289.033
134.135 285.488
143.675 286.862
157.209 286.587
170.151 291.721
183.221 296.667
172.298 305.405
158.202 309.377
144.033 309.915
132.83 308.565
122.841 303.255
133.967 295.371
144.142 295.78
158.295 296.029
158.494 297.152
143.55 297.518
133.028 296.422
