102.075 248.479
112.701 239.168
126.572 236.389
140.223 238.07
152.642 243.749
201.104 246.079
214.393 240.875
229 239.48
243.75 241.557
255.58 250.293
177.029 274.699
175.998 291.755
174.685 308.717
173.31 325.683
156.141 338.502
164.98 340.871
174.463 341.693
185.003 341.335
194.918 339.589
118.848 277.232
129.248 270.964
140.637 270.947
149.636 278.911
140.086 283.006
128.734 283.139
207.327 279.708
217.644 272.644
229.139 273.128
239.632 279.479
229.306 283.992
217.832 283.874
142.724 374.966
152.635 369.535
162.339 363.727
173.329 365.959
186.196 364.407
197.542 370.918
209.2 376.56
199.111 382.705
188.265 386.451
175.495 387.671
162.979 386.945
152.074 382.464
162.733 374.947
173.627 375.292
187.105 375.377
186.68 375.043
174.05 375.306
163.111 375.2
