89.8604 209.803
97.8077 200.976
110.635 198.437
123.319 200.058
135.223 205.266
176.681 205.585
191.267 202.613
206.912 203.123
222.179 207.652
233.383 217.496
152.911 231.707
150.598 246.454
147.933 260.967
145.38 275.816
129.834 288.517
137.451 290.435
145.083 291.505
154.427 292.755
163.807 293.02
101.932 233.002
111.15 228.02
121.845 229.826
130.641 237.008
120.402 238.775
109.624 238.426
180.564 240.691
190.325 233.334
201.815 234.22
212.817 240.529
202.233 243.586
190.7 243.452
120.403 318.104
126.48 310.372
135.529 306.716
144.445 309.133
157.104 309.189
167.955 315.821
176.708 324.827
166.694 331.277
155.491 334.553
143.739 334.52
133.225 332.89
125.315 327.32
134.108 318.107
143.946 319.611
156.83 320.089
156.819 321.128
143.981 320.23
134.344 319.044
