87.797 222.845
96.3887 213.97
108.551 209.604
121.117 209.622
133.668 212.631
170.925 208.619
188.538 204.633
206.693 204.22
224.263 208.554
238.684 218.689
152.077 244.201
149.824 260.407
147.271 276.266
144.981 292.6
133.044 312.14
140.367 314.225
148.236 314.912
159.003 313.788
168.923 311.842
101.75 249.834
110.014 242.832
121.047 243.007
129.679 249.103
120.54 252.674
110.555 253.28
184.4 247.448
192.532 238.866
204.379 238.785
215.535 244.543
205.304 249.524
194.099 249.973
125.171 347.2
130.972 339.324
138.722 333.605
148.217 334.764
162.792 333.936
175.997 339.92
189.656 346.129
175.965 352.125
162.991 355.519
149.764 356.786
140.855 356.534
132.341 353.596
139.719 344.791
148.631 344.659
164.382 344.649
164.046 344.772
148.501 343.951
139.981 345.213
