131.824 183.119
140.582 173.998
153.518 170.319
166.92 170.539
180.222 173.463
230.679 178.219
240.58 175.831
251.049 176.357
261.234 179.259
268.983 186.606
205.167 209.812
206.668 226.406
208.577 242.443
210.395 258.292
187.378 275.831
197.292 277.26
207.06 277.563
214.518 277.296
221.845 275.638
145.098 210.766
155.761 205.834
167.087 205.86
174.939 214.195
165.086 217.512
154.396 216.402
230.758 216.562
238.857 209.984
248.966 209.631
257.405 215.881
248.819 220.704
239.317 220.508
169.158 305.204
181.328 299.247
193.684 295.277
206.447 297.013
216.103 294.842
225.176 298.852
232.116 306.302
225.098 314.973
215.764 319.358
205.52 319.706
192.514 318.077
180.318 313.086
191.075 304.291
206.282 304.796
215.822 304.94
216.449 306.654
206.672 306.867
192.038 305.612
