114.119 238.513
124.335 233.245
136.23 231.332
148.382 232.896
159.905 236.724
192.856 234.293
205.243 229.44
218.486 226.134
231.71 227.223
241.938 233.581
177.352 258.992
177.483 273.771
177.512 288.746
177.706 304.293
162.957 320.742
170.481 320.97
177.923 321.038
185.253 320.548
192.777 319.928
125.474 264.485
135.533 258.676
146.431 259.104
155.294 267.212
145.092 270.164
134.686 269.855
200.415 265.32
208.449 256.454
219.265 255.796
229.905 261.019
221.122 266.644
210.762 267.612
147.105 348.896
156.26 341.534
167.129 336.783
178.887 337.691
191.126 336.182
202.636 341.099
213.789 347.325
203.872 354.354
192.348 358.07
179.308 359.282
166.92 358.882
156.061 355.605
165.903 346.586
179.371 346.52
193.704 346.048
193.055 346.175
178.917 346.471
165.568 346.811
