128.3 235.214
138.955 225.58
153.755 221.782
168.718 221.869
182.934 225.004
227.579 222.711
238.181 219.702
249.21 218.767
259.943 221.549
266.906 230.008
208.679 253.26
212.237 267.884
215.804 282.435
219.116 296.568
199.275 313.948
207.83 315.775
217.395 315.848
224.103 314.699
230.173 312.024
149.523 260.388
159.543 253.906
170.122 252.97
179.719 259.724
170.146 263.349
159.92 263.448
229.581 259.23
237.328 252.196
247.421 251.333
255.515 257.684
247.73 262.224
238.172 262.276
183.006 348.57
194.539 341.852
205.026 335.658
216.719 336.562
225.286 334.815
233.193 338.621
240.714 344.559
235.286 353.695
227.491 359.165
217.426 361.163
204.979 360.861
193.093 356.551
204.408 345.708
217.061 345.215
225.638 344.795
225.649 345.898
217.13 346.684
204.354 347.136
