109.047 228.919
121.402 223.126
135.056 220.721
148.87 219.787
162.768 221.28
200.449 220.553
212.829 218.13
225.316 218.53
237.779 220.329
248.125 226.049
181.665 251.887
182.711 270.721
183.779 289.445
185.006 308.187
164.741 317.387
173.249 320.317
182.614 321.549
190.913 320.186
198.372 316.983
124.073 253.219
135.092 246.569
147.287 247.031
156.146 256.257
145.145 259.604
133.783 258.932
199.884 257.148
208.696 247.762
221.499 246.801
232.115 254.061
222.689 259.709
211.089 260.151
151.052 346.745
160.712 340.613
171.844 335.668
183.228 337.13
193.6 335.407
202.604 339.76
210.36 345.311
202.508 355.197
193.391 362.137
181.882 363.296
170.408 361.434
160.287 355.375
172.371 345.397
182.563 346.206
192.424 345.352
191.893 347.017
182.556 347.759
172.802 347.113
