146.206 177.442
157.552 167.169
172.747 162.965
188.302 163.285
203.138 166.275
240.207 164.924
248.09 160.289
257.185 157.529
266.955 157.595
274.317 162.422
224.682 192.293
229.026 206.483
233.401 219.806
237.39 232.84
213.935 253.386
224.722 254.436
235.103 253.731
243.666 251.881
251.026 248.247
162.77 196.672
174.598 189.906
186.9 188.905
196.375 196.879
186.143 201.334
173.983 201.447
241.731 194.672
249.4 185.904
259.541 183.461
268.652 188.608
261.977 195.37
251.78 196.641
204.974 286.136
215.276 279.055
227.068 271.977
240.289 270.163
247.537 268.188
254.517 271.515
258.965 277.708
254.735 284.717
249.079 290.226
240.725 293.045
228.064 294.06
215.876 291.86
226.107 281.161
240.302 279.547
247.848 277.394
247.103 279.036
239.663 280.842
226.408 282.862
