99.3384 148.402
112.448 140.356
127.565 135.79
142.437 136.753
157.062 142.094
202.961 144.22
219.191 141.995
234.889 142.827
249.584 148.241
262.577 157.798
182.027 174.048
182.192 188.741
182.557 203.014
182.662 217.755
162.386 242.998
172.21 243.4
180.844 243.57
189.079 243.692
196.525 244.117
117.203 174.954
128.593 167.503
140.785 168.288
149.397 178.363
138.37 179.869
127.198 179.038
209.648 182.607
218.991 174.323
230.291 173.885
241.065 181.39
230.975 185.449
220.027 185.534
141.129 282.277
153.057 271.998
165.991 264.142
180.272 266.709
194.092 265.394
205.491 272.94
214.363 283.639
204.203 291.465
192.932 295.954
180.088 296.963
165.851 295.355
152.921 290.649
165.476 280.246
179.83 280.359
193.352 280.698
193.631 279.899
179.718 279.938
165.214 279.818
