92.1128 178.259
97.765 174.537
104.909 173.808
112.066 174.547
118.273 176.902
156.517 176.738
170.414 175.366
183.781 176.601
196.563 181.479
205.934 190.421
132.676 203.79
127.785 217.107
122.562 230.069
117.972 242.778
108.601 261.86
114.533 263.437
121.069 264.478
131.413 264.802
141.398 264.11
96.1832 207.942
102.823 202.283
111.85 202.935
118.946 209.887
110.439 211.864
102.34 211.373
161.282 211.693
168.983 204.469
179.547 205.602
188.408 211.17
179.442 214.667
169.817 214.789
100.667 294.649
103.808 286.722
110.638 281.376
118.92 282.605
131.236 282.769
141.924 289.308
151.426 298.03
141.282 303.121
130.145 305.304
119.103 305.247
111.774 303.606
105.523 300.182
111.222 293.372
118.636 293.67
132.917 294.069
132.004 295.26
118.874 294.032
111.348 294.177
