94.1195 201.254
100.245 194.414
108.458 191.111
117.482 190.661
127.324 191.858
158.081 189.132
174.56 186.416
191.219 187.033
206.608 193.296
218.589 204.373
140.073 217.004
134.274 230.194
128.048 243.215
121.988 256.079
118.082 275.338
121.937 276.672
127.511 277.003
136.23 276.704
145.497 275.863
100.943 227.179
107.268 219.194
117.782 219.178
126.404 226.982
117.566 230.382
108.533 230.275
168.125 224.729
177.021 215.426
189.366 216.28
200.048 224.067
189.37 228.083
178.601 227.961
109.237 311.056
110.113 300.391
116.175 293.105
125.6 292.933
139.838 292.644
153.09 299.557
164.344 309.857
153.983 317.839
142.292 323.26
129.289 324.443
120.762 322.878
113.763 318.432
118.859 304.618
127.431 302.771
143.352 304.088
143.619 310.472
128.393 311.471
119.947 310.274
