79.2398 168.129
87.8149 157.335
101.677 152.568
115.836 153.957
129.506 158.736
174.163 156.684
193.347 152.114
213.421 152.811
231.974 161.252
244.917 176.183
151.657 188.908
149.316 206.715
146.301 223.606
143.152 240.667
125.215 259.742
133.449 261.602
142.901 262.696
153.913 263.18
164.647 261.999
94.4757 197.926
103.485 191.116
115.708 191.54
125.832 198.789
115.214 200.88
103.739 200.813
185.695 200.679
195.164 193.244
208.146 194.766
219.95 203.064
207.702 205.014
195.364 204.219
112.688 294.288
121.601 287.22
130.805 281.264
141.103 283.927
155.335 283.781
166.574 292.314
178.556 299.637
166.628 307.39
153.095 310.918
139.066 310.915
128.041 309.212
119.269 303.525
130.277 293.171
140.318 294.225
154.638 295.316
154.339 297.136
140.365 296.884
130.388 295.723
