179.721 259.964
189.448 253.272
203.227 252.299
216.664 254.862
229.438 259.443
254.02 263.459
259.208 257.48
265.444 253.208
271.975 252.414
277.668 255.615
245.29 284.739
250.931 297.357
256.604 309.42
262.55 322.439
239.788 339.679
248.013 340.205
255.409 340.466
259.678 339.043
262.878 337.543
192.342 286.588
202.094 282.346
211.99 281.057
218.064 288.661
211.524 292.194
201.668 291.784
251.891 287.618
258.551 280.32
266.579 278.227
271.517 283.815
266.697 288.696
259.289 289.223
222.894 370.167
232.595 364.646
242.748 358.789
254.985 358.897
260.116 356.633
264.36 359.855
265.243 364.823
265.231 373.251
261.164 378.544
254.795 380.809
243.903 381.548
232.777 378.883
240.523 368.639
253.755 367.34
259.834 366.786
260.233 365.624
254.608 367.445
242.377 368.698
