77.4252 182.722
83.8902 178.031
92.2629 177.35
99.7561 179.722
106.758 183.986
148.638 179.011
163.502 174.489
178.635 172.488
193.72 175.149
206.321 182.542
128.185 210.784
124.942 225.226
121.277 239.056
117.331 252.684
108.69 270.518
115.425 272.387
122.092 272.773
132.112 272.922
142.666 271.688
89.3267 215.135
95.3337 209.099
103.63 209.419
111.085 215.624
103.033 217.899
95.6609 218.196
157.652 216.056
164.41 207.087
175.19 207.316
185.415 212.702
175.826 216.386
166.306 217.599
103.84 303.496
106.102 294.96
113.205 290.247
121.092 291.555
134.556 291.654
146.298 297.643
157.391 304.016
146.828 310.993
134.576 313.775
122.362 313.309
114.877 312.041
108.958 308.569
115.029 300.275
122.126 300.26
135.56 301.315
135.202 300.91
122.565 299.747
115.689 299.732
