173.084 170.707
183.311 162.808
196.148 160.151
209.816 161.56
222.705 166.27
245.72 168.143
250.013 162.564
255.734 158.29
261.667 157.451
266.296 160.233
238.667 190.388
245.434 203.523
252.565 215.909
259.427 228.732
233.344 247.443
242.002 247.902
249.21 248.228
253.958 246.856
257.923 243.957
189.119 194.174
198.362 190.08
207.757 189.176
214.787 195.913
206.827 198.627
197.116 198.342
247.446 193.747
252.505 185.994
260.145 184.157
263.874 190.422
260.048 194.352
253.61 195.012
219.064 279.323
228.966 272.988
239.443 267.059
251.255 267.011
255.879 264.734
258.318 268.982
256.196 275.668
256.246 280.363
254.324 283.907
250.478 285.857
239.786 286.914
229.319 284.683
236.061 275.77
249.433 274.453
254.758 274.126
254.482 273.888
249.424 274.9
236.588 275.853
