72.6625 207.178
78.877 203.182
86.8563 205.862
94.4871 210.675
101.779 217.339
140.494 216.334
158.367 211.41
178.464 210.808
197.08 216.348
211.381 229.549
121.673 256.546
115.829 273.001
108.616 289.403
100.823 306.096
102.663 320.336
107.04 322.543
112.833 324.132
123.365 324.296
134.012 323.143
81.4906 239.527
87.6493 235.115
98.5245 238.74
106.448 247.667
96.4504 249.909
86.0053 248.262
153.023 253.027
162.777 245.515
176.146 247.243
188.151 254.964
176.499 259.161
163.76 259.042
97.5824 339.855
100.638 337.95
106.88 338.921
113.439 341.98
131.051 342.805
147.214 348.783
163.684 354.821
148.005 362.126
131.362 366.486
113.654 365.529
104.687 360.382
100.251 350.796
108.811 344.598
114.32 349.352
132.465 351.325
132.97 354.534
114.808 353.31
109.072 348.231
