126.282 221.626
134.635 210.601
148.023 205.255
162.137 204.236
175.9 207.298
227.842 208.341
236.651 203.901
245.935 202.771
254.983 204.612
261.61 210.109
204.023 235.242
206.436 252.315
209.345 269.579
211.587 285.937
188.129 305.354
198.569 305.94
209.605 305.611
218.417 304.553
225.564 303.99
141.315 243.456
152.517 234.823
165.831 235.335
176.543 244.7
164.742 247.872
152.954 247.585
224.541 242.364
233.778 232.474
245.855 230.307
254.984 238.481
246.018 242.926
235.535 243.985
173.595 341.839
184.324 332.134
197.627 325.094
212.033 325.81
221.561 323.7
230.283 329.525
234.989 338.442
230.098 349.194
220.987 354.77
210.464 356.352
196.673 356.264
183.744 351.722
195.283 339.259
211.16 337.859
221.96 338.073
221.404 339.81
210.458 339.771
195.486 340.523
