83.8611 122.321
89.9434 117.597
97.7937 116.451
105.968 118.178
113.299 121.923
140.174 116.216
156.133 110.244
172.919 108.205
189.263 111.971
202.584 121.845
126.893 147.168
122.974 162.376
118.626 177.478
114.538 192.333
110.196 211.445
114.844 213.639
120.999 214.626
130.475 213.379
139.303 211.245
90.9877 154.139
95.8509 145.088
105.109 146.1
112.707 154.462
104.686 156.689
96.4716 156.947
160.007 150.258
166.699 140.205
178.42 139.834
189.063 146.066
179.9 151.436
169.19 152.353
105.361 248.119
107.428 240.139
114.353 235.299
123.342 235.599
138.312 234.179
152.133 237.936
164.478 243.529
153.8 254.683
140.495 260.977
125.614 263.684
116.247 262.23
108.979 256.961
118.631 248.183
125.167 247.585
138.362 246.522
137.169 246.662
123.983 248.231
117.832 247.552
