58.5829 160.099
62.6513 154.853
69.534 156.233
76.0684 160.574
82.075 165.807
114.222 157.477
131.364 148.467
150.149 143.813
168.773 146.282
183.983 158.221
98.7873 189.972
90.6755 205.351
82.3857 219.55
73.9327 234.846
77.4601 254.37
81.1721 256.302
85.9945 257.126
95.1324 256.937
105.211 255.971
65.9106 190.036
70.276 182.186
80.3099 182.94
89.7702 191.323
80.2507 193.577
71.2613 193.801
133.023 190.187
139.985 180.167
152.268 180.559
167.176 183.894
154.827 191.089
142.504 192.428
73.8843 285.267
72.9427 279.128
77.3789 274.264
84.7801 274.786
98.8553 275.822
111.759 281.551
124.502 288.572
112.664 294.833
101.206 298.893
88.739 299.93
81.3829 298.079
76.246 292.367
80.6887 284.968
87.1262 285.577
101.185 285.89
100.884 285.926
88.017 284.806
81.4912 283.673
