149.665 202.182
162.039 192.367
177.934 189.027
194.089 190.531
209.481 195.335
237.848 198.391
245.526 194.739
253.713 192.209
262.485 191.914
270.46 195.001
226.624 219.874
230.674 231.624
235.244 242.885
239.194 254.296
218.931 273.605
226.845 275.389
235.016 275.847
240.856 274.964
245.417 273.387
172.393 222.02
181.129 217.652
190.729 217.221
198.107 222.736
190.018 225.685
180.73 225.137
240.443 222.629
247.335 217.931
255.459 217.49
261.3 223.281
255.449 225.891
247.82 225.281
207.723 303.111
216.26 295.631
225.422 288.994
236.142 289.292
243.308 288.55
249.062 294.178
252.31 302.105
248.935 308.552
242.561 311.335
235.58 312.034
225.299 311.231
215.326 308.528
225.342 298.632
235.207 298.24
241.404 298.266
241.97 298.596
235.196 299.141
225.433 298.545
