76.6791 169.32
81.3082 168.854
86.0196 171.698
90.055 174.884
93.7985 177.781
123.269 172.134
137.645 167.227
153.042 164.856
168.534 165.626
181.112 172.839
108.856 200.929
104.233 215.348
99.1301 230.207
94.2023 245.196
91.4307 260.051
96.669 262.753
103.732 263.833
114.4 261.971
124.804 259.473
81.07 203.824
85.22 198.693
92.9466 199.515
99.9732 205.651
92.6927 207.685
85.6505 207.564
136.975 201.448
143.339 194.74
153.464 195.113
163.238 198.894
154.302 202.61
144.706 203.951
93.4934 291.607
94.6521 284.872
100.454 281.751
106.61 283.173
120.855 281.189
135.687 283.574
151.279 287.489
139.604 297.952
125.634 304.286
111.217 306.902
102.826 305.211
96.3693 299.462
102.68 292.853
109.305 293.029
125.211 291.272
124.846 292.404
108.552 294.226
101.415 293.424
