122.417 192.538
137.121 184.481
154.213 183.086
170.821 186.076
186.855 191.338
217.696 192.227
230.918 186.597
245.064 182.915
259.522 183.216
271.467 190.565
206.316 211.902
208.457 231.631
211.306 251.827
213.886 272.219
189.59 284.882
200.296 287.875
211.75 288.536
221.121 286.253
229.844 281.861
141.755 217.148
153.496 209.654
167.186 208.941
176.997 218.713
165.455 222.786
152.77 222.708
225.842 218.592
235.16 209.393
247.563 208.697
258.243 215.62
249.044 222.147
237.001 222.189
174.033 312.344
185.112 306.52
197.05 302.376
210.144 304.613
220.792 301.197
231.107 304.404
240.541 308.559
233.148 320.965
222.547 328.771
209.852 330.939
196.244 330.219
183.986 324.004
196.18 313.345
210.302 313.935
222.535 311.823
221.599 312.411
209.67 314.63
196.271 314.01
