84.4733 193.824
91.1635 189.564
98.9959 188.836
106.69 190.225
114.092 192.927
144.521 187.957
158.549 183.874
173.193 183.207
187.632 186.81
200.271 193.872
129.284 215.503
125.989 230.678
122.284 245.589
118.92 260.634
111.412 275.483
118.102 277.502
125.105 278.014
134.628 277.048
144.265 274.581
91.9939 219.898
98.0766 212.788
107.489 213.586
114.478 221.084
106.548 223.706
98.4384 223.971
158.453 218.008
165.249 209.96
177.019 209.705
187.188 216.044
177.988 219.76
167.679 220.467
110.698 299.678
115.197 295.78
121.317 293.974
127.468 294.818
139.376 293.999
150.918 296.291
162.359 299.722
152.555 308.923
141.288 314.83
129.006 316.581
121.005 314.135
115.176 308.059
122.359 302.569
128.394 303.412
141.068 302.713
140.273 303.448
128.309 304.53
122.601 303.034
