133.751 192.974
144.456 186.665
157.794 184.545
171.101 187.459
183.782 192.882
222.914 193.919
232.534 189.151
242.991 185.997
253.529 188.078
260.335 195.231
203.45 217.158
205.075 230.209
206.855 243.323
208.289 256.41
187.232 271.945
195.58 272.952
204.803 273.498
213.011 272.945
218.866 271.907
144.3 219.876
153.896 212.936
164.818 212.889
171.968 221.693
162.481 224.661
152.802 223.945
225.429 222.901
233.315 215.126
243.058 214.742
250.053 222.849
242.433 226.799
233.836 226.134
173.459 304.611
183.616 297.281
193.627 291.66
204.84 292.259
213.658 292.229
221.218 297.548
226.286 304.589
219.497 309.018
211.574 311.636
203.219 312.535
192.602 311.836
182.446 309.618
191.669 300.746
203.891 300.438
213.38 301.435
213.289 301.818
203.359 301.437
191.243 301.591
