116.914 188.643
129.657 179.86
145.21 176.099
161.203 176.916
175.997 181.201
226.733 181.217
238.427 176.084
251.637 173.903
264.142 175.696
273.856 183.294
205.948 209.763
208.337 225.809
210.975 241.965
213.366 258.589
191.232 273.162
200.095 276.27
209.941 277.035
217.641 276.037
224.857 273.003
138.384 211.874
150.146 203.585
164.18 203.477
173.993 213.469
162.396 217.878
149.624 217.399
226.654 212.557
235.696 203.244
248.213 201.397
258.141 209.167
249.612 215.89
238.002 215.764
174.002 306.111
185.063 298.758
196.838 292.931
209.916 293.598
218.902 291.551
227.524 295.592
233.695 302.778
226.958 309.86
219.055 315.051
209.275 316.439
196.699 316.229
184.983 312.17
196.815 303.385
209.527 302.796
217.795 302.456
217.803 303.007
209.054 303.27
196.862 303.442
