179.668 170.811
191.202 161.752
205.83 157.717
221.077 157.926
235.419 162.25
259.136 164.418
262.165 160.211
267.078 158.669
272.578 159.908
277.151 164.998
245.578 196.432
251.992 208.524
258.425 219.724
264.996 231.558
243.428 251.408
252.017 251.243
258.399 250.631
261.304 250.234
263.552 248.668
197.255 198.083
206.942 194.752
216.328 194.132
223.735 200.724
216.02 203.385
206.58 202.459
253.461 202.021
260.743 195.285
267.387 194.789
271.711 199.87
267.552 203.936
261.004 204.376
225.118 282.628
235.827 275.278
246.428 268.576
258.426 268.003
265.413 267.497
268.767 273.036
266.458 280.291
266.001 285.152
261.931 287.24
256.76 288.847
246.063 289.726
235.021 288.652
246.389 277.726
256.694 277.108
261.038 277.909
260.63 278.74
256.49 278.733
246.594 279.825
