178.844 175.694
191.001 168.869
205.213 166.692
219.715 168.676
233.631 175.844
264.754 179.324
269.993 175.76
275.35 173.68
280.654 173.946
285.202 176.844
252.546 205.29
257.686 215.719
263.326 225.105
268.961 234.626
250.237 255.674
256.991 255.42
263.335 255.454
267.132 255.264
270.114 255.232
197.802 204.039
206.276 200.069
215.784 199.784
223.419 208.077
215.494 210.955
206.27 209.883
260.236 209.213
266.461 203.157
274.383 202.805
279.289 208.461
274.212 212.546
267.155 212.727
229.117 288.142
240.667 281.955
252.093 276.985
264.547 276.794
270.473 276.839
274.689 281.294
275.441 288.31
275.312 294.018
271.082 297.493
264.859 298.41
252.89 298.815
240.541 295.775
251.309 286.37
264.51 286.028
268.817 286.619
269.647 287.274
265.174 287.276
251.582 287.709
