143.96 212.99
154.526 205.156
167.735 201.543
181.059 200.544
194.073 202.45
234.608 198.773
242.693 194.478
251.76 193.249
261.166 195.001
268.134 200.091
217.701 228.606
221.013 242.806
224.653 256.143
228.034 269.31
205.915 283.92
216.084 285.291
226.268 285.45
233.724 283.629
240.192 280.487
163.826 232.572
173.563 226.201
184.111 225.302
192.831 232.785
183.498 236.091
173.025 235.945
235.874 229.849
242.425 221.393
251.89 220.022
259.367 226.161
252.989 230.61
244.26 231.796
187.822 313.488
199.814 308.633
213.032 304.308
226.506 304.355
234.951 302.296
243.318 303.613
250.27 306.196
244.022 314.743
236.547 320.419
226.82 322.671
213.505 322.231
200.512 318.477
210.831 312.225
226.695 311.46
236.407 309.893
236.041 310.557
226.241 312.096
210.964 312.272
