88.2393 222.807
94.4974 217.998
102.955 217.476
111.232 218.753
119.98 221.157
157.182 215.297
171.899 213.116
186.269 212.627
200.676 215.521
212.888 222.682
140.845 250.005
136.967 265.212
132.682 280.602
129.207 296.478
127.161 311.059
131.801 313.105
138.141 313.791
146.705 313.539
155.346 312.571
101.702 250.986
108.125 244.982
117.259 245.298
126.291 252.442
117.329 255.079
108.753 255.215
171.045 251.425
179.143 243.167
191.013 243.694
202.473 249.548
192.491 253.521
181.48 254.513
121.42 337.946
124.042 331.907
130.986 329.211
138.025 331.141
152.157 329.869
165.719 334.139
178.992 339.967
168.198 347.07
155.401 350.605
141.765 350.927
133.217 349.604
125.884 344.897
131.789 338.431
139.364 338.811
155.526 339.231
156.053 339.815
140.433 339.635
132.139 338.807
