152.232 154.231
167.793 147.253
185.202 146.397
201.865 150.853
217.89 157.465
241.99 161.406
249.338 156.809
257.382 153.242
265.96 151.691
274.396 154.422
231.177 180.607
234.987 192.739
239.645 204.343
244.537 215.929
219.17 238.909
229.595 239.904
239.585 240.079
245.932 239.431
252.307 238.343
170.937 180.436
182.022 175.942
193.088 176.675
200.272 184.77
190.572 186.842
180.262 185.091
244.812 186.612
253.51 179.521
263.01 178.244
269.824 184.492
263.086 188.622
254.139 188.839
200.687 271.819
214.049 265.553
226.874 259.564
240.968 258.775
249.053 258.38
256.473 263.286
260.205 272.172
255.704 279.488
248.977 283.828
240.567 285.203
226.495 284.827
212.648 280.32
226.663 270.677
240.235 270.447
247.552 270.915
247.783 271.557
240.67 271.621
226.811 272.004
