175.883 198.854
185.469 189.724
198.757 186.942
212.229 188.477
224.984 192.365
257.268 197.922
261.597 195.778
266.847 195.234
272 197.291
276.199 201.271
244.602 225.459
251.1 236.325
257.905 247.13
264.392 258.39
242.329 282.481
249.686 283.308
257.062 283.451
260.997 282.624
263.8 281.349
189.771 224.153
198.564 220.407
209.301 219.805
217.397 227.11
208.104 229.747
198.177 229.409
251.35 228.51
257.879 222.662
265.774 222.505
270.458 229.25
265.263 232.345
257.985 232.308
217.108 315.856
230.157 306.357
243.255 300.193
257.641 299.576
264.751 298.896
270.582 304.141
271.355 313.623
270.879 322.268
265.972 328.173
258.464 330.303
243.817 328.938
229.97 324.535
240.713 312.184
256.942 310.686
263.727 310.917
264.586 315.063
257.917 315.345
241.271 316.511
