85.9601 182.228
92.3003 178.128
99.088 178.989
105.1 180.512
110.125 184.251
150.275 184.863
163.922 182.999
178.269 183.713
192.073 188.012
202.203 197.964
123.723 220.836
117.563 235.643
111.119 249.338
105.798 264.667
102.12 281.775
108.669 285.612
115.455 286.867
125.187 285.987
135.131 284.102
88.5137 218.953
94.7455 212.43
103.378 213.576
110.189 221.835
102.623 223.635
94.6594 223.338
156.308 225.28
164.992 218.74
175.964 219.682
186.605 224.985
176.51 227.978
165.852 228.825
102.889 311.956
104.434 305.023
111.007 301.657
117.29 304.995
131.194 304.264
144.159 310.421
156.488 318.531
144.717 325.354
131.56 327.864
119.198 326.81
111.845 324.599
106.058 319.583
112.88 312.91
118.798 313.286
133.176 315.091
132.809 316.28
118.659 314.722
112.937 313.77
