82.3165 149.833
90.248 146.415
98.7228 147.752
106.836 151.214
113.943 155.433
144.882 146.429
160.424 138.835
177.604 135.654
194.978 137.785
209.357 146.759
127.987 175.704
124.041 189.502
119.815 202.147
115.552 214.991
113.008 237.438
118.489 239.096
124.568 239.11
133.819 238.001
143.005 235.602
93.3106 181.667
98.6383 173.637
107.451 174.136
115.608 181.567
107.663 185.142
99.5504 185.726
160.577 177.496
168.342 168.677
178.9 168.342
189.135 173.424
180.047 178.904
169.937 180.1
108.88 272.095
109.539 263.44
114.957 256.556
123.271 257.365
136.668 256.794
148.39 263.474
159.48 270.933
148.917 277.32
136.569 280.078
124.744 280.183
118.375 279.771
112.243 277.446
119.603 268.927
124.196 268.805
135.202 268.993
134.757 269.46
124.41 268.771
119.366 268.452
