91.8614 186.379
100.412 176.26
113.261 171.43
127.078 172.23
139.694 177.376
181.042 179.168
195.188 175.044
210.395 175.632
224.374 182.351
232.981 195.2
156.757 205.163
155.706 220.877
154.365 236.587
153.195 251.975
137.651 269.126
144.782 271.349
152.83 272.422
161.736 272.344
169.576 270.67
104.195 209.754
112.466 201.301
123.734 202.324
132.321 210.882
122.843 213.043
112.695 213.078
184.428 213.199
193.664 204.494
205.633 205.645
214.275 215.218
204.083 216.983
193.49 216.655
122.121 303.902
129.697 295.687
139.874 290.994
151.58 292.278
164.375 292.121
174.814 299.007
183.77 308.282
174.92 316.625
163.646 320.453
151.364 321.146
139.37 319.497
129.067 314.081
140.724 303.941
151.541 305.041
162.829 305.286
162.929 306.758
151.75 306.615
140.701 305.451
