83.1338 187.555
93.409 180.934
106.225 180.632
118.169 183.324
129.885 189.139
169.494 185.518
184.35 180.486
199.736 178.284
215.603 179.197
229.885 185.155
148.82 213.129
146.35 230.967
143.607 248.601
141.764 266.683
128.222 282.938
136.095 285.426
144.934 286.357
156.257 284.955
166.464 282.994
94.2741 214.447
104.603 207.827
116.704 210.053
126.059 219.905
114.588 222.511
102.626 221.874
180.86 219.615
190.101 208.711
203.783 208.224
217.642 214.8
205.863 221.933
192.829 223.229
118.246 315.885
125.511 307.708
135.032 302.234
145.194 304.523
159.928 302.686
172.971 308.406
185.969 316.324
176.348 328.868
163.49 337.77
148.424 339.814
135.27 337.167
124.422 328.569
136.469 315.949
146.475 316.025
160.829 315.734
161.288 318.687
147.036 320.41
136.545 319.049
