134.141 188.073
145.049 180.695
158.115 179.092
171.023 181.744
183.184 186.417
224.617 188.146
233.461 184.285
242.843 182.724
252.158 184.123
259.767 189.842
204.606 213.6
206.122 224.477
208.12 235.371
209.734 245.87
190.334 263.211
199.133 264.822
208.122 265.196
214.767 264.802
221.307 263.396
148.521 216.476
158.204 210.358
169.129 211.125
176.521 219.491
167.097 221.845
157.309 221.09
224.746 220.262
232.522 213.367
242.138 212.583
249.906 218.738
242.52 223.237
233.259 222.643
176.951 290.178
186.373 282.537
197.032 277.13
208.831 277.522
217.987 276.697
226.025 280.926
232.198 288.315
225.761 295.765
216.966 300.064
207.896 300.794
197.049 300.149
186.569 296.736
196.841 287.462
208.488 287.277
217.401 286.982
217.221 287.948
208.28 288.483
196.661 288.1
