125.021 156.643
137.085 148.516
152.381 145.929
167.795 146.745
181.972 151.492
224.74 151.895
235.943 149.623
247.5 150.142
257.862 154.076
264.637 162.676
204.535 179.202
206.012 194.698
208.022 210.232
209.729 225.333
187.962 239.119
196.407 240.716
206.1 241.712
213.549 241.345
219.594 239.964
144.861 179.982
156.172 174.572
167.813 174.651
176.812 182.67
166.377 185.903
155.109 185.023
222.364 184.321
231.823 177.02
242.261 177.062
251.204 184.284
242.45 187.908
232.209 187.366
170.371 269.253
180.685 261.549
191.866 256.934
203.937 258.461
214.528 257.578
223.417 263.238
228.24 271.298
222.05 279.903
213.418 284.62
203.113 286.058
190.001 283.959
178.877 278.471
190.747 268.83
203.788 269.535
213.313 270.041
213.163 271.178
203.33 271.475
190.526 270.197
