81.3753 262.831
84.7911 258.365
89.6668 257.238
94.8052 256.63
99.6236 258.299
134.2 255.582
149.401 253.28
164.963 255.012
178.777 261.442
188.899 273.277
116.367 287.071
110.52 300.675
104.439 313.821
98.983 327.575
99.9481 339.982
103.529 341.958
108.542 343.324
117.248 343.338
125.729 342.336
89.8605 285.878
92.7488 281.048
100.579 283.65
108.179 290.077
99.8597 291.558
93.3861 291.186
144.349 289.258
150.869 281.763
160.772 283.166
171.37 286.832
162.012 291.37
152.341 292.35
97.2873 366.182
96.657 360.824
101.686 357.21
107.924 359.246
121.819 358.917
134.316 364.684
145.633 372.732
134.983 380.454
123.002 385.397
109.791 386.026
102.512 382.347
99.2301 374.788
104.236 366.916
109.866 369.026
124.097 369.94
124.076 373.788
110.127 373.037
104.595 370.613
