158.025 243.933
168.603 238.302
181.441 236.383
194.825 238.464
207.353 242.322
237.837 245.932
245.22 240.886
253.352 237.026
262.287 235.373
270.135 239.163
225.822 267.354
229.914 279.344
234.237 291.538
238.008 303.734
219.667 322.712
227.534 323.709
235.817 323.244
241.596 322.241
246.06 319.875
173.601 270.236
183.446 264.591
193.839 263.912
200.976 271.555
192.776 274.669
182.524 274.127
240.115 269.558
247.248 262.607
256.227 261.484
264.016 266.545
257.161 271.209
248.326 271.171
203.957 353.063
213.999 346.661
224.318 340.768
236.277 341.047
242.794 338.896
248.449 342.341
252.499 347.81
249.725 356.434
244.508 361.849
236.59 364.068
224.892 363.987
213.655 360.291
223.762 350.252
235.959 349.347
243.163 348.478
242.319 349.464
235.889 350.99
223.718 351.434
