75.9836 157.846
79.7626 152.047
85.2752 153.108
90.9613 158.214
95.7595 165.284
116.593 154.965
131.042 149.057
146.776 147.298
162.402 151.376
175.624 159.385
105.965 183.656
99.9719 198.816
93.4903 213.115
86.7287 227.391
89.6237 245.954
93.1693 246.667
97.7824 246.07
104.16 246.32
111.976 246.861
84.4321 186.403
87.1513 179.427
95.3437 181.516
102.485 188.239
95.3544 190.926
88.2551 191.208
136.042 187.656
140.321 177.555
150.453 178.109
161.436 183.566
151.689 188.912
141.951 189.691
90.1448 278.02
87.45 270.735
89.1961 265.293
94.2005 264.805
106.574 266.114
117.421 271.845
127.531 279.262
118.163 284.087
107.573 285.871
97.3254 286.487
92.8802 285.493
90.4698 282.508
93.6074 275.293
97.0045 274.574
109.048 275.046
108.63 276.587
96.6738 275.568
93.1588 275.186
