80.8172 203.089
89.5749 199.401
98.3597 199.873
107.309 201.458
116.091 204.515
157.804 202.108
173.805 198.652
189.921 197.716
206.117 202.369
220.59 211.165
137.386 234.145
133.839 252.013
129.982 269.931
126.894 288.061
118.556 301.126
125.633 304.186
134.073 305.632
143.619 304.564
152.726 302.109
92.0689 227.95
100.731 223.491
110.892 225.615
118.55 234.994
108.301 236.841
98.6306 235.041
168.303 234.69
176.516 224.867
189.831 225.333
202.174 231.432
191.008 236.748
179.493 237.589
113.236 330.536
118.808 324.498
126.084 321.365
133.593 323.63
147.36 322.843
160.518 327.488
174.068 332.724
163.231 341.428
150.161 346.249
135.935 347.103
126.273 345.209
119.078 339.766
126.936 331.579
133.229 332.168
147.473 332.459
147.595 333.393
134.12 333.064
127.085 331.737
