120.175 178.301
133.835 168.123
149.786 163.229
166.515 163.707
182.997 166.687
225.178 166.557
237.545 162.268
250.22 159.989
262.366 161.394
271.912 168.374
207.839 191.636
210.938 208.297
214.277 225.06
217.4 241.859
192.699 258.85
203.43 260.288
215.068 261.033
224.69 259.306
232.957 256.779
142.307 196.571
154.635 188.504
167.64 188.266
177.731 197.252
166.272 200.575
154.279 200.683
228.143 195.768
238.261 186.429
250.144 185.311
259.252 193.202
250.509 197.632
239.409 198.205
175.384 291.281
188.516 283.832
202.31 278.142
217.294 279.051
228.276 276.765
239.134 280.753
247.297 287.459
238.972 296.921
228.893 302.321
217.008 304.433
201.948 304.119
187.469 299.565
199.559 289.571
216.949 288.724
229.977 288.464
229.448 288.646
216.496 289.291
199.691 290.026
