71.1644 190.5
75.2293 181.669
81.6966 178.277
89.2604 180.219
95.8063 184.82
125.482 179.494
141.159 176.354
157.339 178.97
171.38 187.214
182.932 198.378
113.993 218.608
108.403 232.708
102.111 246.018
95.7224 259.322
96.0496 278.789
99.6437 282.12
104.499 283.652
111.895 283.589
120.348 283.111
82.5101 220.296
85.0503 212.21
94.8867 214.768
101.99 223.308
94.1704 225.067
86.2184 224.831
140.954 221.954
145.65 211.906
157.835 212.972
168.543 219.847
159.148 224.448
148.155 225.302
93.6223 313.777
91.4055 306.898
96.6726 302.706
103.8 304.281
118.787 305.937
133.364 311.563
146.739 316.963
134.474 325.218
120.703 330.015
105.846 331.158
99.1251 328.1
94.629 322.115
101.46 312.288
106.131 313.477
120.377 315.152
120.172 317.408
106.292 316.863
101.562 315.594
