108.064 231.701
117.587 223.258
130.695 220.058
143.654 220.402
156.742 223.002
197.659 221.801
209.75 217.876
222.293 216.044
234.71 218.158
244.255 225.538
177.845 243.739
178.378 258.222
178.883 272.888
179.351 287.225
162.052 298.997
169.822 301.353
178.699 302.36
188.61 300.926
197.371 298.381
125.855 250.738
134.532 244.115
144.846 243.026
153.633 249.609
144.873 253.055
135.172 253.722
200.703 246.614
208.906 240.171
219.27 240.029
228.433 245.551
219.631 249.259
209.672 249.134
149.459 326.952
159.656 321.785
169.794 318.383
180.382 319.718
191.276 317.504
202.021 320.508
211.765 325.167
203.141 332.881
192.64 337.27
180.926 338.572
168.966 338.396
158.213 334.767
168.533 327.222
180.414 327.207
193.485 326.264
193.222 326.887
180.635 327.843
168.59 327.889
