83.4265 197.239
90.6032 193.83
98.3298 192.67
106.083 193.681
113.201 196.809
147.166 191.826
160.854 187.664
175.031 186.39
189.542 188.632
201.426 195.736
131.716 219.42
127.324 232.376
122.331 244.932
117.385 257.968
111.465 272.852
117.16 274.91
123.729 275.63
134.716 274.617
144.838 271.585
92.7008 226.542
99.3519 221.03
108.563 220.528
117.419 226.552
108.855 229.331
99.9027 229.526
159.036 223.5
167.14 216.345
178.271 216.097
188.599 220.204
179.427 224.817
168.954 225.816
104.319 300.845
107.643 293.585
114.695 289.554
122.625 290.618
137.181 288.827
150.704 293.133
164.014 299.341
151.126 306.306
138.141 311.276
124.14 312.876
115.829 312.101
108.993 307.865
116.753 299.628
124.278 299.712
139.665 298.651
138.838 299.396
123.877 300.758
116.074 300.474
