79.275 209.857
81.5322 204.517
85.9732 205.504
89.1304 208.317
91.4178 211.424
123.618 208.921
138.968 206.969
154.779 208.438
169.661 214.582
180.889 226.81
102.47 257.903
95.8109 271.988
88.6387 285.161
81.1669 298.848
81.4597 319.688
84.8584 320.715
88.767 321.042
97.5136 322.137
107.684 322.515
76.2087 252.059
83.1928 246.425
91.8889 250.884
97.8941 259.721
89.5252 261.654
80.5857 259.844
130.662 259.225
139.271 250.25
151.07 252.098
162.141 256.932
151.284 263.533
139.704 263.287
79.505 350.035
79.7383 343.443
83.822 338.855
89.638 340.295
103.68 340.945
115.887 347.062
126.914 354.617
116.064 359.297
103.563 359.844
91.9725 359.561
85.2821 357.763
81.2601 354.259
86.0661 348.236
91.0419 349.156
105.483 349.608
104.048 351.32
91.0046 350.181
86.3787 348.758
