75.4616 173.878
78.2582 166.974
82.4534 164.645
87.5855 164.437
92.9249 166.048
121.33 160.512
135.665 157.429
150.991 158.339
164.502 164.795
174.112 175.009
107.757 196.129
101.207 210.264
94.6102 223.316
88.3321 236.591
88.8782 251.875
92.1374 255.11
96.9922 255.719
104.381 255.79
112.221 254.44
81.236 201.067
83.9835 192.988
92.9035 193.536
99.2896 200.794
92.5675 202.87
85.683 203.23
132.424 200.317
139.35 190.183
150.86 191.669
160.606 197.659
151.356 201.281
141.356 202.108
84.4083 282.631
83.5807 275.586
87.6217 269.309
95.073 270.034
106.952 270.728
116.943 276.351
125.28 283.523
116.956 290.043
106.719 293.692
95.659 295.792
89.3341 293.253
84.9979 288.698
90.4106 279.413
96.8914 279.818
108.528 280.145
107.54 283.028
95.7736 282.618
89.6124 280.916
