167.967 245.772
179.937 239.946
194.134 240.032
208.909 242.894
221.949 248.526
255.751 256.116
260.95 253.342
266.731 251.332
272.612 250.736
278.382 251.93
236.041 281.804
240.751 297.586
246.251 312.081
251.914 327.047
224.688 343.91
235.703 345.962
246.222 346.621
252.302 345.699
257.138 342.873
178.294 280.516
189.551 276.067
200.429 277.342
208.153 285.061
197.727 287.14
187.213 285.922
249.285 288.975
257.026 281.969
265.751 280.96
272.352 287.51
265.765 290.643
257.325 290.34
215.194 378.826
224.809 371.698
235.427 365.889
246.966 365.678
253.741 365.076
259.282 369.441
261.522 377.037
257.397 382.493
251.352 385.63
244.948 386.438
235.714 385.245
225.376 382.845
232.5 375.573
246.452 374.325
253.992 374.957
254.169 374.479
246.383 375.31
233.127 375.925
