96.3749 179.123
106.496 172.304
119.02 170.338
131.236 172.139
142.042 177.572
181.538 179.493
194.58 177.319
208.004 178.126
220.733 182.816
230.339 191.452
157.406 202.87
154.32 216.233
151.236 228.971
148.065 242.328
132.234 260.755
139.911 262.128
148.133 263.731
157.026 263.673
165.27 263.577
108.416 204.664
117.892 200.052
128.33 201.849
135.792 209.101
126.257 211.464
116.217 210.257
181.652 213.798
190.264 207.359
201.787 207.769
211.531 214.783
201.489 218.928
190.842 218.41
114.22 293.059
122.328 283.496
133.856 278.762
146.033 280.955
160.119 280.746
172.496 288.308
183.81 298.682
171.425 305.311
157.585 308.821
143.712 308.646
132.425 306.783
122.713 301.473
129.999 290.998
145.386 291.347
163.382 293.549
162.532 295
144.676 293.059
129.967 292.592
