149.806 254.921
162.978 244.456
179.487 239.635
196.824 238.875
213.888 242.848
245.096 247.932
252.165 242.855
260.276 240.81
268.938 240.612
274.585 246.394
232.942 271.891
238.767 286.878
245.382 301.178
251.686 315.948
221.863 334.72
232.77 335.722
243.681 335.697
250.77 334.143
255.943 330.641
171.358 277.561
181.858 270.401
193.471 268.966
202.999 278.016
193.028 282.219
182.002 282.235
246.577 276.946
253.222 268.702
261.647 267.019
266.84 274.441
262.456 279.229
254.504 279.786
206.488 363.383
219.25 356.902
232.042 351.14
245.803 350.691
252.973 348.624
259.546 350.972
262.423 357.415
259.659 365.003
253.76 370.538
245.966 373.391
232.407 373.585
218.887 370.146
230.156 362.502
245.843 360.942
253.477 359.529
253.681 359.462
246.152 360.398
230.401 362.225
