185.358 231.944
196.563 223.726
210.133 220.204
224.125 219.837
237.873 221.996
271.769 224.042
276.377 219.855
281.869 218.426
287.273 219.359
292.85 222.963
258.715 245.075
266.416 258.385
273.899 270.679
281.824 283.28
254.934 309.059
263.337 309.637
271.738 308.758
276.594 308.151
279.938 305.402
199.644 251.688
209.325 246.84
219.275 245.196
228.049 250.708
219.736 254.867
209.694 255.045
268.194 251.243
274.43 245.744
281.864 244.958
285.895 249.576
281.803 252.653
275.315 252.71
241.271 346.278
252.902 336.974
264.511 328.532
277.355 326.906
283.866 326.72
287.013 334.055
284.576 343.109
283.546 349.012
280.343 353.608
274.716 354.796
263.04 354.663
252.024 352.244
259.521 339.337
275.236 338.223
280.06 338.404
279.06 341.599
273.985 340.772
259.814 342.836
