148.74 181.942
162.519 175.118
177.736 171.803
193.316 172.288
207.747 176.66
242.508 178.413
250.003 174.636
258.548 172.199
266.906 173.156
273.835 177.413
227.658 198.339
232.273 212.753
237.085 227.487
241.697 241.872
217.846 261.126
227.48 262.522
237 262.255
243.625 260.594
248.297 257.574
168.01 205.488
179.2 198.359
190.321 197.358
198.042 205.712
188.887 209.855
178.578 209.498
240.051 204.75
247.78 196.977
257.17 195.544
264.094 202.185
257.65 207.066
248.474 207.21
204.938 296.495
214.407 286.901
225.443 279.779
238.653 278.912
245.714 277.367
252.452 281.312
255.013 290.031
251.688 297.915
245.794 302.58
238.429 304.737
226.746 304.542
215.371 302.026
227.372 290.806
238.556 289.166
243.346 288.452
243.012 289.375
238.046 290.436
227.47 291.978
