80.6554 238.95
90.7105 233.803
101.795 234.236
113.388 237.527
123.577 245.27
173.323 245.289
191.11 241.776
210.295 241.214
228.72 245.587
242.941 257.41
147.595 277.445
142.903 298.69
137.114 319.189
131.088 340.338
123.662 348.894
130.066 352.717
137.525 354.964
148.412 355.385
159.1 354.37
91.5366 268.083
101.603 262.922
114.001 265.987
124.665 277.716
111.104 278.296
99.5276 275.934
179.723 282.316
191.675 272.517
206.773 273.673
220.623 282.897
206.586 287.434
192.674 287.569
110.505 372.85
119.09 371.016
128.179 370.418
137.671 375.064
154.977 373.653
171.17 378.761
189.368 384.062
172.64 392.097
156.089 396.241
137.855 396.246
125.617 392.324
117.755 384.57
125.711 379.155
137.698 382.383
158.903 384.019
159.154 385.015
138.12 384.325
126.334 380.629
