91.8671 245.554
105.231 237.078
122.144 234.74
138.791 237.598
154.537 244.244
198.486 243.763
213.099 236.249
229.205 232.222
245.615 233.008
259.176 239.59
177.908 269.368
178.978 284.5
180.026 299.284
181.292 314.961
161.192 338.74
170.631 339.389
180.404 339.499
190.568 338.551
200.694 337.546
110.029 276.256
120.909 268.747
134.077 268.671
145.215 276.945
133.407 279.45
120.92 279.747
208.603 274.343
218.945 265.255
231.901 264.399
243.663 270.859
232.689 275.144
220.123 276.02
141.532 377.64
153.023 367.846
166.359 361.064
181.144 361.96
196.079 360.175
209.657 365.925
223.397 372.745
213.871 386.02
199.343 393.168
183.3 394.962
167.446 394.574
152.152 389.602
165.165 375.796
182.204 374.909
200.229 373.977
200.422 374.995
182.747 375.869
165.459 376.909
