106.119 180.274
117.223 170.956
132.094 166.612
147.209 167.675
161.676 171.785
202.95 177.241
216.615 176.332
230.391 177.429
243.114 181.715
252.597 190.645
181.174 204.959
180.885 217.421
180.556 229.58
179.986 242.194
159.517 255.578
169.35 258.031
179.529 259.676
188.802 259.171
197.517 258.21
120.797 201.347
132.041 196.201
143.572 197.881
152.075 205.624
141.157 207.302
130.02 206.309
206.325 209.423
216.123 203.302
227.935 203.829
237.254 209.922
227.838 213.489
216.821 212.69
143.763 283.065
154.708 275.865
166.744 271.488
178.641 273.189
189.926 273.25
199.697 279.135
208.405 286.457
199.248 292.366
189.001 295.17
177.941 295.137
165.513 293.991
154.001 290.005
163.801 281.318
178.482 282.091
191.682 283.044
191.731 284.425
178.374 283.88
163.922 283.04
