151.307 202.892
165.229 196.984
180.893 195.631
196.037 197.618
210.496 202.116
245.273 204.241
254.32 199.572
263.657 196.073
273.344 194.748
282.259 197.659
231.611 226.847
235.618 245.704
240.498 264.888
244.652 284.149
218.571 299.083
228.869 300.885
240.434 301.191
248.288 300.193
254.654 297.606
168.21 232.694
179.23 226.273
191.682 225.692
201.997 232.971
191.531 236.833
179.204 236.301
250.628 231.529
258.969 224.282
269.386 223.017
277.962 229.429
270.613 233.762
260.498 234.069
200.085 328.464
211.725 320.383
226.104 314.65
241.702 314.939
250.882 313.712
259.108 316.782
264.796 323.012
260.521 333.804
252.398 341.01
241.089 344.632
225.966 343.63
211.851 338.071
222.984 326.907
240.243 325.94
252.184 325.798
251.46 326.642
240.48 328.2
223.898 328.664
