90.9528 200.354
98.131 193.606
107.65 189.613
117.389 190.33
127.274 193.71
172.342 191.39
185.878 187.702
199.211 187.905
212.316 192.988
223.853 200.1
149.162 218.493
147.748 233.605
145.92 248.92
144.341 264.518
132.881 278.542
139.537 280.602
146.877 281.43
157.127 279.993
166.727 277.183
104.104 222.539
112.173 216.5
121.833 216.996
129.918 224.339
120.694 225.881
111.724 225.385
178.771 222.449
186.204 214.982
197.08 214.451
207.796 219.386
197.987 223.107
188.031 224.137
118.793 301.879
127.815 296.555
138.316 293.846
149.278 294.566
163.832 293.196
177.907 296.732
192.471 301.761
179.739 312.2
165.449 319.371
149.933 321.609
137.187 319.743
126.827 312.245
137.968 304.543
149.576 304.27
166.342 303.968
166.322 305.42
149.525 306.229
137.151 305.824
