83.1681 148.104
88.257 143.484
96.1215 141.665
103.823 142.56
110.906 146.147
148.049 142.525
163.529 136.537
180.451 136.052
196.472 140.26
208.961 149.608
129.52 169.507
125.914 184.409
121.498 198.967
117.445 213.613
112.925 230.498
116.825 233.846
122.325 235.024
131.604 234.47
139.956 231.885
89.6065 180.401
95.8372 172.919
105.548 173.426
114.55 179.293
105.738 182.141
96.7085 182.879
160.282 176.577
168.521 170.002
179.353 170.056
189.195 175.921
179.62 179.314
169.326 179.361
104.671 265.366
107.088 257.68
113.705 253.108
121.765 253.44
134.92 253.686
147.01 259.207
157.372 267.005
147.092 275.496
135.546 281.213
122.753 282.681
113.959 281.047
107.377 274.975
114.78 264.742
122.482 265.008
137.135 265.051
135.876 266.339
121.571 266.86
114.42 265.919
