122.358 197.207
135.608 190.482
150.678 188.652
165.075 190.101
179.085 193.81
222.289 192.305
232.484 188.132
242.815 185.295
253.902 185.256
264.236 189.048
204.32 216.359
208.676 231.8
213.275 247.834
217.473 263.461
195.244 281.727
205.917 283.359
216.85 283.408
224.972 281.378
232.276 277.806
141.978 221.574
152.667 213.082
164.844 211.77
174.855 221.472
164.677 224.968
153.009 224.733
226.034 219.037
234.622 210.216
245.627 208.972
254.751 215.932
246.648 220.921
235.789 220.912
180.209 317.164
190.423 307.339
202.593 300.324
217.345 300.415
227.387 298.177
236.636 302.743
243.916 310.887
238.601 321.195
229.39 327.421
218.66 329.509
204.865 329.41
191.325 325.576
204.036 313.158
217.723 311.835
227.731 311.286
227.739 312.497
217.593 313.923
203.811 314.407
