105.851 149.53
116.31 143.016
128.953 139.26
142.302 140.757
154.823 145.353
198.726 144.089
211.732 139.432
225.683 137.546
239.098 140.413
248.852 148.497
180.035 173.339
182.229 191.346
184.361 208.963
186.656 226.374
168.764 243.273
176.943 244.332
185.689 245.154
194.014 244.116
201.249 242.098
117.898 175.589
128.693 167.558
141.472 168.089
152.23 177.943
140.384 180.43
128.337 180.615
203.072 178.44
212.06 168.361
224.673 167.346
235.962 175.355
225.462 179.886
213.754 180.246
154.725 276.61
164.782 269.468
174.602 265.129
185.385 267.03
195.066 264.884
204.393 268.527
213.409 273.891
205.729 281.972
195.819 286.356
185.393 286.989
174.364 286.396
163.78 283.368
173.879 275.309
185.595 276.14
195.885 274.709
195.703 274.831
185.458 275.446
173.606 275.073
