170.397 199.294
181.863 192.477
195.312 190.03
208.81 189.974
222.138 193.858
245.893 196.873
251.18 194.048
256.987 192.188
263.202 192.044
269.052 194.465
234.605 219.838
239.293 232.242
244.8 244.751
250.082 257.236
227.529 274.741
235.266 276.279
243.061 277.038
247.917 275.819
251.76 273.429
185.316 218.761
195.205 212.808
204.395 212.647
209.468 220.954
202.625 223.038
193.602 222.549
243.839 220.463
250.01 213.78
257.697 212.814
261.936 218.689
257.361 222.486
250.429 222.44
211.755 304.469
221.218 297.064
232.297 292.134
244.649 292.372
250.995 290.497
256.687 293.709
258.003 300.607
256.362 308.172
251.446 313.117
245.07 314.505
233.212 314.312
221.49 311.592
232.665 301.383
243.779 301.084
249.258 300.464
249.617 300.6
244.63 302.044
233.012 302.287
