77.8194 165.354
81.3444 162.243
86.1731 162.378
90.5087 164.934
95.0366 167.767
119.575 165.195
135.677 161.427
152.61 160.013
169.146 163.431
182.742 172.681
106.287 196.487
98.686 212.068
90.0822 226.75
82.1144 241.647
85.757 259.498
89.8888 261.258
95.5609 262.638
104.857 263.162
114.765 262.861
80.672 197.967
85.2241 190.465
94.1798 191.858
102.645 200.508
94.0569 202.314
85.4689 201.368
137.1 201.595
144.993 193.516
157.266 194.221
170.547 198.631
158.62 203.004
147.238 203.541
83.6272 293.268
81.7056 285.247
86.7247 280.496
94.7425 281.24
110.116 283.662
124.138 290.67
137.78 298.013
125.411 303.688
112.022 307.466
97.5505 308.136
90.2778 304.87
85.5106 300.033
89.841 292.819
97.2937 293.615
114.168 295.298
113.775 296.168
97.7234 295.649
90.3696 293.739
