153.612 311.993
166.318 306.755
179.582 305.765
192.96 307.432
205.18 310.283
240.558 307.479
248.745 302.78
257.423 298.526
266.796 296.985
273.909 300.686
225.991 330.926
229.444 343.662
233.35 355.739
236.684 368.386
215.949 386.496
224.296 387.195
232.764 386.809
239.493 385.255
245.436 382.33
167.815 336.229
178.385 330.666
188.97 329.582
197.403 335.832
188.941 340.433
177.758 340.586
243.643 330.036
250.287 322.566
259.018 320.213
266.567 323.281
261.74 330.338
252.219 332.07
200.888 417.619
212.453 411.3
223.472 405.398
236.127 403.897
242.589 402.086
249.685 403.67
255.39 408.989
250.394 416.189
244.741 421.685
236.07 425.204
224.251 425.971
212.655 423.261
222.74 414.003
236.395 412.385
244.496 411.047
244.304 411.574
235.489 413.325
222.205 414.45
