97.1049 190.841
109.616 180.69
125.612 174.966
142.493 175.813
158.55 180.827
194.266 179.797
209.984 174.328
226.139 172.598
242.326 174.87
255.202 183.228
179.276 202.282
180.793 221.314
182.043 241.305
183.403 260.939
163.454 273.508
172.724 276.663
183.668 278.281
193.368 276.517
202.011 273.094
117.118 210.826
127.746 202.46
141.439 201.785
153.025 210.972
140.912 213.215
128.81 213.409
205.06 208.845
215.162 199.767
228.566 199.31
241.074 206.555
228.759 210.152
216.672 210.513
143.308 310.889
156.252 304.456
168.802 299.828
181.957 302.365
194.15 299.238
205.995 303.803
217.89 309.043
206.685 317.396
194.839 322.169
181.664 323.238
167.646 323.257
154.298 319.338
166.527 310.156
181.878 310.7
196.097 309.386
195.461 309.675
181.325 310.625
166.093 310.814
