126.803 182.758
138.656 173.11
153.307 167.321
168.915 166.214
183.71 170.978
224.308 172.207
236.173 168.76
248.434 169.321
259.732 174.664
266.785 183.775
204.71 207.864
205.991 224.862
207.435 242.185
208.708 259.392
186.274 275.925
195.279 276.599
205.33 276.901
214.837 276.777
222.953 276.195
143.55 209.362
154.24 202.507
167.316 202.674
176.252 212.117
165.368 214.574
153.693 214.016
225.993 213.36
235.822 205.094
247.85 204.903
255.526 212.888
246.734 217.115
236.101 216.357
174.34 310.656
183.791 303.765
194.799 298.336
206.764 299.824
215.902 297.686
224.165 302.438
229.649 310.299
224.089 319.676
215.161 325.098
204.972 325.757
193.01 325.227
181.912 320.447
194.666 309.16
205.788 309.433
214.222 309.092
214.26 310.821
205.631 311.106
194.686 311.142
