131.395 220.654
140.927 211.669
152.717 205.589
165.82 204.575
178.825 205.94
214.909 205.3
226.332 201.321
238.343 200.766
249.681 204.684
258.007 212.423
198.898 231.667
200.435 244.433
202.417 257.274
204.155 270.249
188.087 286.992
195.359 287.845
203.254 287.889
210.554 286.848
217.468 285.219
147.734 236.226
156.887 229.099
168.47 228.952
176.392 237.97
166.916 241.306
156.453 240.878
220.381 234.695
227.43 226.695
237.635 224.767
246.036 230.727
239.262 236.446
229.396 236.755
176.938 317.432
185.339 311.841
194.653 307.231
204.806 306.803
214.186 305.102
223.374 307.723
230.985 312.133
222.833 317.659
214.055 321.018
204.753 322.784
194.831 322.857
185.249 321.282
194.826 314.61
204.829 313.633
214.957 312.231
214.306 312.828
204.591 314.168
194.452 315.149
