64.8477 127.307
70.9681 120.57
78.764 116.717
86.869 115.813
95.1435 116.442
140.099 106.623
154.774 101.996
170.331 99.7163
185.925 101.316
199.591 107.925
123.527 142.067
119.884 156.863
115.543 170.781
111.482 185.075
102.121 208.841
108.836 210.863
116.833 211.633
128.661 209.841
139.829 206.896
77.5302 157.599
83.6441 148.364
94.1859 147.282
104.649 154.225
95.1975 157.032
85.822 158.943
155.047 144.786
163.529 134.319
176.339 133.631
188.65 139.704
177.734 144.535
166.445 146.177
93.436 249.491
93.898 237.89
102.11 229.841
113.913 229.233
129.843 229.13
145.37 235.422
160.041 244.49
147.743 254.958
133.733 262.629
118.21 264.458
107.84 263.397
99.6154 257.793
106.317 244.357
116.323 243.086
133.786 242.704
133.738 244.807
117.487 246.152
106.776 246.203
