99.1424 203.787
110.346 193.503
124.892 190.426
139.434 192.759
153.139 197.149
201.419 194.294
215.588 188.465
231.137 186.296
246.761 188.303
258.53 197.878
180.09 226.033
180.818 242.15
181.704 257.95
182.631 273.79
161.957 292.954
172.018 294.439
182.685 294.641
194.665 292.6
205.739 289.034
115.997 230.935
126.518 223.733
138.556 224.227
148.403 231.809
137.623 234.508
126.324 234.456
211.556 229.887
220.207 221.303
232.383 220.246
243.254 226.235
233.29 231.511
222.119 232.178
149.588 326.296
160.692 318.889
172.366 312.554
185.546 313.685
198.751 311.007
210.862 315.459
222.595 320.663
211.676 329.522
199.985 335.483
186.46 338.325
172.926 337.885
160.402 334.074
170.572 325.097
186.168 324.675
201.629 322.61
201.384 321.793
186.148 324.882
170.939 324.421
