108.763 204.399
118.352 195.963
131.497 193.001
145.231 192.671
158.091 196.403
203.708 197.288
215.713 195.264
228.522 196.923
240.729 200.087
250.145 206.713
181.606 224.803
181.487 242.071
181.334 259.949
181.241 277.64
163.131 289.114
170.756 291.395
179.19 292.278
188.397 292.1
196.593 291.044
123.062 230.119
133.911 224.419
145.362 225.118
154.341 232.84
144.107 234.652
133.39 233.961
206.494 233.68
216.033 227.247
226.954 227.692
235.854 233.858
226.453 236.989
216.197 236.96
145.587 317.243
155.524 311.005
166.778 306.924
178.185 309.777
190.276 308.166
201.016 313.154
209.894 321.365
200.515 328.073
189.545 332.075
176.722 332.247
164.842 330.421
154.189 325.61
162.513 317.131
177.72 318.592
193.693 318.708
193.615 320.007
178.032 320.018
162.875 317.81
