97.7842 249.813
105.862 245.81
115.248 244.724
124.85 247.33
133.619 251.596
165.302 249.136
178.625 245.957
192.656 244.295
206.232 247.644
217.665 255.797
148.124 266.901
144.927 277.25
141.719 287.809
138.808 298.443
131.639 321.274
136.152 322.015
141.869 322.24
149.487 322.364
156.866 322.057
107.598 274.167
113.319 267.844
122.061 267.782
129.411 273.775
121.534 277.391
113.962 277.332
174.169 274.481
181.76 268.107
190.725 269.071
199.279 275.169
190.121 278.933
181.406 278.792
118.274 359.243
121.945 349.36
128.374 340.452
138.343 341.34
150.624 341.054
160.664 349.442
169.251 359.434
160.003 362.927
150.012 364.987
139.969 365.128
132.403 364.605
124.797 363.439
130.96 353.234
139.22 352.274
149.987 353.201
150.573 354.064
139.599 353.216
131.193 354.061
