83.7214 161.664
89.9465 158.284
98.007 157.294
106.063 159.061
113.597 162.726
145.638 159.932
160.273 157.688
175.473 157.411
190.386 161.011
202.978 168.485
126.663 186.547
121.296 198.88
115.416 210.271
109.457 221.811
99.9558 242.394
104.584 244.793
111.332 246.418
121.088 246.609
131.012 246.21
90.3673 185.94
96.976 180.866
105.498 182.325
112.831 189.371
104.164 191.591
95.6347 190.96
156.755 191.441
165.035 184.126
175.917 184.882
187.02 191.515
177.368 195.343
166.571 194.942
94.3825 274.481
95.998 265.328
101.921 261.143
109.203 262.381
123.868 263.168
137.501 270.538
150.836 279.662
137.147 286.665
123.119 290.098
109.196 290.101
101.409 287.969
95.7824 282.711
105.624 273.42
109.03 273.506
122.743 274.346
121.914 275.646
108.988 274.926
105.644 274.243
