188.902 216.606
199.298 209.425
211.049 204.759
223.512 202.892
235.503 203.963
260.409 208.568
264.688 205.929
270.098 205.009
274.181 207.47
276.81 212.607
242.578 242.94
247.616 255.693
253.529 268.042
259.257 281.201
236.845 300.052
243.276 300.838
248.537 300.661
251.022 299.294
253.384 296.78
197.837 241.095
208.044 236.982
217.774 235.634
221.938 243.854
215.442 245.695
206.687 244.094
248.94 245.082
256.618 237.796
265.335 235.917
266.861 242.739
263.317 246.838
256.484 246.628
213.778 332.333
224.607 325.923
235.863 321.229
247.713 321.011
252.932 320.568
255.846 324.936
251.596 329.632
250.33 334.622
248.037 337.789
244.62 340.39
234.453 339.055
223.636 337.098
234.701 328.588
244.959 328.133
247.48 328.053
247.152 328.742
244.692 329.239
235.407 329.209
