151.589 243.606
163.178 236.831
176.349 232.745
189.94 232.239
202.337 235.301
248.939 235.699
256.531 231.942
264.297 230.438
271.972 230.967
278.94 234.496
227.939 267.659
230.538 283.817
233.467 299.349
235.93 315.82
208.207 327.65
219.817 331.007
231.497 332.193
240.513 330.313
247.512 325.947
165.326 266.15
176.543 262.749
186.87 262.244
195.883 268.699
185.929 271.623
175.667 270.596
245.358 267.329
253.53 260.043
262.656 258.587
271.066 262.336
264.073 267.526
255.053 268.59
189.35 355.999
203.367 351.355
216.738 346.958
230.842 348.733
238.051 346.428
244.796 348.168
250.489 351.719
244.667 358.969
238.337 364.826
229.046 367.105
215.271 366.268
202.419 362.053
213.477 355.912
230.124 356.923
238.402 355.135
238.469 355.658
229.999 357.091
213.954 356.632
