138.62 210.485
148.663 196.161
163.81 190.272
180.305 189.233
196.324 193.993
240.551 194.383
248.95 191.381
257.834 191.253
265.742 193.961
269.974 203.364
220.879 224.803
226.909 239.773
233.482 254.459
239.192 269.292
214.491 295.221
225.311 295.233
235.188 294.339
240.232 293.933
245.445 292.39
155.183 234.382
165.48 227.833
177.803 226.609
187.58 234.752
177.506 237.711
166.189 237.44
239.787 234.751
248.456 227.725
259.075 226.773
267.567 232.565
258.879 237.207
249.579 237.276
193.527 332.989
207.097 322.57
221.959 315.185
237.791 315.431
247.421 313.111
256.135 317.15
257.305 327.781
251.737 334.795
244.66 340.603
235.15 343.249
220.821 343.267
206.505 339.806
219.582 326.171
236.741 325.882
244.895 324.142
243.993 326.14
236.042 327.926
219.794 328.597
