86.305 201.256
93.1182 196.76
101.838 196.723
110.687 199.638
118.674 204.888
145.952 203.828
159.576 197.458
174.546 194.866
189.443 198.163
202.575 205.384
129.991 223.701
126.737 236.224
122.947 248.383
119.741 261.364
112.824 278.559
117.696 280.146
123.879 280.497
132.359 280.24
140.527 278.538
93.4005 227.566
99.1893 222.239
107.523 222.958
114.153 229.507
106.382 232.13
98.6511 231.779
158.144 229.454
165.422 222.513
175.928 222.387
185.892 227.376
176.706 231.862
166.877 232.199
106.008 308.417
108.758 301.244
113.931 294.947
121.851 295.689
133.566 295.35
143.474 302.281
153.776 309.064
144.823 316.686
134.336 320.939
123.374 321.696
115.481 320.413
109.166 316.095
115.407 306.738
122.487 306.248
135.526 306.976
135.035 307.445
122.699 307.219
115.887 306.866
