180.326 183.622
192.733 177.768
206.013 174.619
218.851 175.859
231.052 179.809
260.21 183.497
264.685 179.085
270.135 176.968
276.365 177.89
280.462 183.774
244.753 208.798
252.954 224.924
260.424 240.818
267.562 256.484
242.64 276.793
249.931 276.924
256.029 276.62
261.669 275.974
266.003 274.214
190.504 208.969
202.852 204.708
213.389 203.687
218.072 213.167
210.896 215.634
200.418 213.824
254.843 212.712
263.346 205.768
272.548 204.618
274.454 211.042
269.678 215.625
261.941 215.305
220.649 308.132
232.015 302.108
243.734 297.323
255.854 296.424
262.138 296.538
264.382 300.906
260.354 307.104
258.257 312.291
255.29 317.929
249.752 321.353
238.918 319.507
229.308 314.824
238.838 305.969
250.843 306.366
257.944 306.399
255.003 308.001
247.781 308.38
237.35 308.061
