124.19 232.174
135.673 222.08
150.764 218.245
166.561 218.578
181.508 221.658
219.165 220.575
229.96 215.64
241.553 213.005
253.303 213.587
262.985 219.279
204.786 242.748
206.99 256.092
209.414 269.61
212.165 283.321
193.311 303.751
202.419 304.493
212.37 303.702
221.345 302.618
229.939 299.931
148.768 250.904
158.372 245.524
168.853 244.353
178.051 249.3
168.961 252.965
158.602 254.161
223.052 246.868
230.953 240.624
240.558 239.327
249.478 242.894
241.403 248.054
231.804 248.311
181.979 334.837
191.21 326.397
201.682 319.967
213.798 320.918
223.382 318.459
233.038 322.446
242.136 328.656
234.53 336.647
225.142 342.02
214.773 343.403
202.759 343.896
191.646 340.965
200.6 331.21
214.213 329.762
226.657 328.694
226.271 330.065
213.62 331.562
200.232 332.43
