129.927 248.124
142.955 242.795
157.012 241.317
171.236 242.047
184.531 245.476
224.819 245.659
234.966 241.647
246.357 240.107
257.508 241.384
266.172 248.901
203.12 277.614
204.71 295.943
206.19 314.26
207.678 332.736
186.264 340.968
194.795 344.009
204.446 345.903
212.911 344.548
220.615 340.864
143.272 275.57
155.93 269.16
168.012 270.014
176.338 279.324
165.228 282.236
153.378 281.269
224.559 280.457
233.61 272.193
244.877 270.633
253.687 277.293
246.206 283.262
235.336 283.307
168.782 367.441
179.971 361.756
192.476 358.709
204.803 361.3
213.197 358.053
222.106 360.824
229.082 366.917
222.287 375.876
213.143 380.928
203.288 381.818
190.676 380.641
179.032 375.696
192.028 367.528
204.361 369.154
213.07 367.516
213.373 368.415
204.578 369.92
191.678 368.406
