124.859 183.739
135.913 177.891
148.642 174.227
161.857 172.103
174.854 173.984
224.355 171.057
234.086 167.117
244.28 165.952
254.677 166.981
263.983 171.448
204.267 200.226
207.384 219.663
210.501 238.759
212.85 257.942
190.996 274.181
199.512 276.198
209.324 276.501
217.184 274.756
224.248 271.149
141.729 210.008
152.446 202.473
165.191 202.663
173.496 211.21
163.444 214.547
152.493 214.09
226.992 207.284
234.529 198.741
246.117 196.363
255.132 203.2
247.28 208.109
237.392 208.676
175.07 312.434
184.513 302.453
196.145 296.114
209.856 297.064
220.21 294.026
230.206 298.086
235.058 307.262
230.787 319.054
221.05 325.552
209.939 328.136
196.262 327.854
183.899 322.782
195.792 309.28
210.094 307.831
221.049 307.382
220.473 308.721
209.649 309.318
195.343 309.951
