151.242 190.141
161.733 178.639
176.024 173.602
191.245 174.62
206.019 178.693
238.375 175.055
245.062 170.587
251.848 167.921
259.537 168.27
265.661 174.101
225.555 203.834
230.393 216.286
235.438 228.526
240.08 241.26
219.824 260.36
227.894 261.631
236.225 261.598
242.451 260.088
246.641 257.846
172.648 209.467
182.59 204.016
193.123 203.238
201.065 209.371
192.416 212.7
181.912 213.047
237.308 206.403
244.521 199.324
253.061 197.861
261.073 202.076
254.509 206.945
246.224 207.774
206.935 290.06
216.639 282.384
226.444 277.426
237.545 277.201
245.032 275.384
251.762 278.835
255.001 285.402
251.197 291.083
245.384 294.257
238.526 295.624
227.964 295.92
217.058 294.168
226.137 286.606
237.326 285.572
244.334 284.937
243.97 284.825
237.627 286.099
226.639 286.32
