100.113 225.866
112.3 217.943
127.097 215.862
141.68 216.493
155.615 219.889
201.031 220.771
216.293 216.771
231.874 216.259
246.736 220.316
257.87 231.654
177.583 250.615
176.527 268.209
175.573 285.775
175.183 303.056
160.554 317.309
167.679 318.576
175.876 319.467
185.375 318.567
193.227 316.63
114.433 252.407
125.907 244.918
138.774 246.005
148.525 255.904
136.939 258.466
125.143 258.522
208.921 256.127
218.131 245.997
231.368 245.107
242.764 253.202
231.86 259.01
219.848 258.966
146.871 349.82
155.787 344.025
165.999 339.266
176.518 341.332
188.364 339.823
199.003 344.966
208.873 350.98
200.76 360.326
189.653 366.245
176.807 366.868
164.389 365.954
154.426 359.368
165.256 349.407
176.318 350.817
189.132 349.824
189.153 350.704
176.575 351.709
165.366 349.892
