107.492 236.881
117.71 229.576
130.572 227.527
143.308 227.374
155.395 230.487
192.735 226.97
206.774 222.185
221.625 220.464
235.942 222.691
246.628 230.02
176.551 256.219
176.65 272.341
176.478 288.217
176.593 304.184
163.197 316.925
169.873 317.824
177.037 317.989
186.436 316.889
194.961 315.542
125.614 263.154
134.582 255.212
146.338 255.284
155.203 263.599
145.074 267.092
134.384 267.26
204.14 260.112
210.793 250.596
222.805 249.23
233.683 255.094
224.85 261.077
214.052 261.99
154.635 346.13
161.311 338.137
170.564 333.467
180.743 334.034
192.401 332.395
203.062 337.061
212.447 344.618
205.345 354.415
195.021 360.144
182.928 361.382
170.86 360.382
161.145 355.46
171.343 343.857
181.605 343.311
194.283 342.907
193.942 346.242
181.889 347.206
171.409 346.25
