103.857 219.563
112.617 211.15
124.791 206.42
137.335 205.131
149.999 207.537
205.7 205.956
218.931 205.093
231.76 207.01
243.271 212.273
251.236 222.171
179.029 239.464
178.978 256.339
178.686 273.68
178.398 291.259
161.753 306.524
170.043 307.265
178.068 307.845
187.526 307.061
196.654 305.732
118.468 242.735
130.23 236.165
142.209 235.74
152.28 244.049
140.711 245.813
129.594 245.377
204.405 242.68
214.536 235.993
226.288 236.527
237.202 242.713
226.1 245.083
215.391 244.772
146.573 341.986
153.902 330.317
164.757 323.119
177.61 324.161
190.976 323.015
202.782 328.89
211.332 339.409
203.072 350.587
192.286 358.875
177.656 361.026
164.121 358.903
153.567 352.151
164.871 335.823
178.002 335.606
192.422 336.068
192.207 344.491
177.27 345.862
164.079 344.995
