95.0143 235.029
106.566 225.719
121.422 220.483
137.541 220.47
153.143 223.921
198.716 217.54
213.185 212.056
228.505 209.243
243.427 211.674
254.957 220.183
180.771 247.688
182.574 264.683
183.87 281.956
185.465 299.811
168.347 326.125
176.515 324.619
185.349 323.755
194.228 323.004
202.966 322.078
112.954 259.846
123.789 252.643
136.146 251.779
147.54 258.991
136.008 263.923
124.24 264.01
210.715 252.748
219.818 243.369
232.613 242.041
243.633 248.297
233.645 254.505
222.227 255.688
151.394 364.863
160.684 352.845
172.735 343.785
187.38 343.934
200.816 341.394
213.134 347.418
224.373 356.473
213.736 365.471
202.092 372.039
188.326 375.25
174.909 375.773
161.839 372.749
173.052 358.738
187.53 357.558
201.72 355.995
201.18 357.134
186.749 358.249
172.454 360.451
