92.3465 171.497
102.092 164.025
114.467 162.406
126.713 163.45
139.049 166.315
171.332 164.679
186.194 161.423
201.422 160.38
217.112 161.412
228.768 169.459
155.486 194.474
153.489 211.332
151.201 228.436
149.129 245.521
135.379 260.069
142.552 263.038
150.915 264.153
161.534 262.731
171.304 259.711
107.146 200.159
115.327 194.358
125.522 194.178
133.55 199.945
124.938 201.943
115.044 202.251
181.377 199.725
190.107 193.253
201.442 193.4
211.03 198.475
201.498 201.139
191.122 201.748
126.644 293.936
134.303 287.715
143.348 284.495
153.24 286.432
165.626 284.631
176.945 288.655
188.75 293.51
178.043 300.481
166.618 304.437
154.592 305.298
144.11 304.472
134.702 300.548
144.337 292.875
154.022 293.894
166.905 292.707
166.395 293.958
154.274 295.301
144.629 294.383
