151.177 231.841
162.844 223.417
177.044 220.032
191.841 220.419
206.085 223.935
241.693 224.787
249.047 221.663
256.931 220.245
264.906 221.552
271.085 226.476
225.468 253.375
229.446 267.307
234.204 280.61
238.617 293.736
215.184 310.76
224.575 312.385
233.784 312.789
239.862 311.81
245.229 308.962
167.932 252.562
179.182 246.783
190.178 246.266
198.216 253.898
188.719 257.016
177.789 256.486
238.98 253.871
246.49 246.807
255.702 245.368
262.377 250.899
256.722 256.035
247.915 255.841
202.107 339.963
211.982 333.514
222.088 328.443
233.904 328.425
240.316 326.998
246.367 330.225
250.419 335.512
245.952 342.813
240.495 347.314
233.826 348.901
222.755 348.952
211.865 345.784
223.02 337.032
233.598 336.313
238.611 336.026
238.612 335.821
233.768 337.01
223.39 336.945
