103.199 190.598
114.522 182.148
128.768 178.774
143.122 178.758
157.326 181.39
197.37 178.043
211.735 173.936
225.965 172.787
239.834 175.577
251.309 182.478
179.244 208.926
180.215 225.901
181.281 242.858
182.454 259.842
164.519 274.429
173.299 276.161
182.457 276.708
191.745 275.174
200.071 272.843
121.928 214.249
132.233 206.553
144.109 206.092
154.493 213.683
143.792 216.713
132.539 217.179
203.88 210.45
213.245 202.188
224.826 201.339
235.412 207.422
225.321 211.163
214.554 211.579
151.689 307.44
162.851 301.513
173.159 296.139
184.061 297.39
195.422 295.801
206.278 299.522
217.781 303.395
207.906 310.331
197.364 314.69
185.457 316.24
173.566 315.928
162.37 313.05
173.129 305.802
184.694 304.986
197.18 304.701
197.498 304.852
184.935 305.638
172.856 306.209
