66.7887 165.244
73.2571 158.591
82.061 158.595
90.6781 160.026
98.7558 163.388
136.695 157.092
156.316 152.732
177.229 153.152
195.832 158.087
209.243 171.951
115.846 194.42
109.463 211.606
102.666 229.024
96.3721 246.346
92.0841 265.714
97.9224 269.419
105.591 271.124
116.778 270.57
127.522 268.25
75.4581 202.721
79.4957 193.243
90.191 193.808
99.6413 201.683
90.9541 204.295
81.969 205.731
151.095 198.219
160.314 190.459
173.028 191.7
185.64 198.886
173.753 202.241
161.776 202.666
83.9915 306.596
85.8677 295.89
93.79 288.802
103.891 290.365
119.166 291.509
132.132 299.459
145.214 307.981
133.732 317.146
119.806 321.897
104.683 322.878
95.3497 321.085
87.6122 315.267
97.1309 302.858
104.979 302.973
120.614 304.793
120.497 305.987
104.765 306.043
96.694 304.908
