80.8496 217.116
84.5274 216.132
88.1736 215.924
92.1196 216.079
95.9442 217.412
140.403 217.538
152.23 215.31
164.189 216.952
175.42 220.006
186.075 225.316
110.595 237.168
101.618 250.638
93.0972 263.271
84.0748 276.46
84.867 295.227
88.0776 297.244
93.5419 298.644
102.162 299.126
111.331 299.717
86.3392 240.849
89.606 233.531
97.3359 233.901
103.726 240.156
96.1366 244.006
89.2357 244.694
146.638 240.376
154.236 232.194
164.911 232.91
175.03 239.225
164.197 244.131
153.893 244.256
84.29 330.034
82.9992 321.162
86.99 318.901
91.1109 320.059
104.985 320.789
119.32 326.051
132.082 333.745
120.012 340.545
105.568 343.032
92.4974 342.834
86.6421 342.153
82.6587 337.048
88.4205 327.818
91.7415 328.744
107.993 328.792
107.746 330.992
93.0586 329.032
88.7031 329.217
