92.1161 190.34
101.677 182.354
114.455 178.765
127.427 179.902
139.55 183.776
178.049 188.13
193.11 186.765
208.499 187.45
223.54 191.985
235.517 201.754
156.925 216.122
154.975 228.5
152.95 240.562
150.795 253.166
134.393 267.68
143.162 269.679
151.794 270.94
162.394 270.604
172.236 269.392
101.131 213.988
110.864 208.432
122.419 210.103
130.965 217.284
120.484 219.3
109.483 218.642
184.582 221.458
194.276 214.658
206.302 215.083
216.665 221.225
206.431 224.617
195.124 224.323
121.484 294.454
129.725 287.169
139.489 282.427
149.781 284.14
162.3 284.745
173.159 291.375
183.606 299.243
173.17 304.977
161.632 307.118
149.722 307.126
139.125 305.818
129.334 301.973
137.714 292.642
149.985 293.137
164.653 295.045
164.679 296.653
150.288 295.494
138.117 294.791
