159.172 199.152
168.878 190.606
181.821 188.082
195.586 189.657
208.723 194.815
235.567 198.514
241.343 195.521
247.448 194.269
253.838 195.425
259.902 198.888
222.976 223.062
227.215 237.582
231.66 251.333
235.39 265.098
209.539 279.296
218.528 281.432
228.194 282.528
233.987 281.815
238.384 279.452
171.578 222.165
180.25 217.961
190.113 218.112
197.631 224.611
188.864 226.623
179.435 225.827
233.58 228.519
240.065 221.791
248.361 221.07
254.81 226.639
248.745 230.446
240.993 230.314
191.134 303.641
201.515 300.822
212.374 298.043
223.93 299.115
230.037 298.556
235.276 301.317
238.642 305.793
234.53 312.135
229.437 316.509
222.46 317.667
210.621 316.391
200.049 311.621
211.347 306.15
222.783 306.66
228.183 306.645
228.255 306.657
223.59 307.271
212.604 306.235
