84.1782 148.51
91.2862 144.145
100.652 143.9
109.757 146.071
118.221 150.984
147.507 147.598
162.634 142.815
178.115 141.534
193.324 144.503
205.783 152.599
132.329 172.75
129.16 185.569
125.392 197.84
122.055 210.108
117.334 227.932
121.714 229.105
127.102 229.162
135.625 228.272
143.172 226.235
94.9566 176.045
101.393 170.027
109.963 170.288
117.751 175.168
109.675 177.487
101.345 178.058
160.208 175.603
168.355 169.643
178.462 170.054
188.006 174.878
178.569 178.132
168.572 178.321
110.804 256.809
113.796 249.01
119.342 243.024
127.173 243.957
138.715 243.097
148.949 248.738
157.625 255.869
149.234 261.342
138.793 263.838
128.453 264.383
121.599 264.296
114.935 262.243
121.633 252.672
127.861 251.644
139.149 252.285
138.478 252.755
127.734 252.877
121.39 252.496
