108.159 202.757
118.184 193.115
131.15 188.706
145.496 189.818
159.015 192.73
195.209 192.417
209.228 189.117
224.329 189.296
237.807 195.146
247.849 205.456
176.077 223.711
175.604 238.173
175.022 252.394
174.222 266.862
158.47 284.995
166.539 286.54
175.612 287.196
184.741 286.35
192.781 284.919
123.088 228.003
131.975 221.974
142.31 222.325
150.123 229.836
141.081 232.039
132.033 231.371
204.443 228.612
212.384 221.946
222.451 221.932
230.566 228.517
221.509 231.194
212.929 231.467
145.366 321.53
153.555 312.397
164.1 305.873
175.273 307.181
186.825 305.683
197.569 311.866
205.691 320.59
197.188 327.345
186.748 331.135
175.679 332.098
164.285 331.821
153.532 328.347
161.987 318.241
175.684 317.528
189.928 317.946
189.261 319.015
175.473 318.368
162.003 319.599
