131.528 256.023
143.016 249.327
156.571 247.789
169.631 249.993
182.202 254.287
224.521 256.046
233.984 252.089
244.221 250.139
254.39 250.596
262.832 255.625
203.353 282.038
205.067 297.224
206.951 312.079
208.895 326.87
189.69 341.818
198.063 343.594
206.882 344.316
213.851 343.46
220.252 341.179
145.697 280.951
156.486 274.679
168.278 275.281
176.066 283.808
165.769 285.969
155.585 284.936
224.506 284.39
232.358 277.359
243.159 275.923
252.09 282.171
243.957 286.315
234.17 286.028
180.508 371.417
188.706 363.598
197.817 358.19
208.438 359.09
217.444 357.104
225.609 361.954
231.456 369.251
225.536 377.149
217.683 381.642
208.784 382.849
198.471 381.867
188.592 378.161
199.593 368.026
208.539 368.166
216.075 367.755
215.916 368.236
208.515 369.039
199.184 368.867
