172.182 264.942
182.363 256.492
195.248 252.789
208.654 252.456
221.886 255.035
251.549 255.926
256.501 252.592
261.94 250.495
267.037 250.809
271.135 254.901
237.013 283.11
241.556 294.628
246.565 306.664
251.154 320.162
228.138 336.469
236.996 337.537
245.522 337.732
250.529 336.375
255.17 333.674
187.21 282.263
197.631 276.387
206.871 275.631
212.381 282.364
205.962 285.546
196.46 285.331
244.689 280.365
251.05 272.999
259.64 271.058
264.735 276.295
260.579 281.972
252.468 282.094
211.035 367.683
221.891 361.092
233.588 356.451
245.65 356.166
250.711 353.998
256.338 354.881
258.382 359.687
257.226 368.723
252.15 376.862
244.67 379.985
232.518 379.768
221.158 374.452
233.163 366.028
244.041 365.395
247.861 363.73
249.467 365.182
245.239 366.471
233.885 367.619
