73.235 123.121
79.9692 118.913
87.8806 116.99
95.7201 118.545
103.019 122.573
143.844 122.419
162.395 120.828
180.349 122.2
196.569 129.114
210.074 139.63
122.717 154.277
117.815 167.911
112.64 180.625
107.285 194.002
99.9449 221.076
104.965 221.961
110.667 222.693
120.749 222.67
130.602 222.174
80.5943 155.089
88.9166 146.89
99.0863 148.546
106.114 158.807
96.9565 160.456
87.7506 159.459
156.031 162.367
165.139 153.518
176.93 154.589
188.289 162.438
177.707 166.094
165.982 165.729
86.6502 258.906
88.9705 247.108
97.1476 240.302
107.424 242.602
124.295 243.122
138.386 252.671
151.948 263.422
138.622 270.527
123.347 272.892
108.684 272.074
99.6857 270.282
91.4804 266.587
101.13 256.959
107.826 257.036
123.175 258.258
123.369 257.19
108.841 254.565
101.369 254.675
