182.314 251.557
191.482 241.753
204.129 236.679
218.81 235.785
232.997 237.95
263.442 240.954
267.517 237.791
272.115 235.946
277.256 237.405
280.747 243.233
252.985 281.756
259.873 294.835
267.447 307.294
274.529 320.387
249.025 340.369
258.249 341.645
265.979 341.12
270.171 339.42
273.385 336.571
195.441 282.289
206.495 276.871
217.667 274.453
226.06 283.533
217.129 287.88
205.853 287.775
258.307 283.486
265.156 274.685
272.987 272.041
277.875 278.358
275.143 284.161
266.915 284.991
235.519 372.19
244.13 364.862
254.866 358.994
266.525 357.468
272.441 356.283
276.399 359.294
275.74 365.364
274.605 370.251
271.67 374.041
265.744 376.217
254.664 376.232
244.281 375.289
251.762 366.935
264.206 364.748
270.064 363.92
270.891 366.158
266.102 367.672
253.976 369.108
