181.436 207.392
194.443 195.751
211.623 189.95
229.012 190.812
245.285 196.575
265.086 204.556
268.197 198.457
272.917 193.585
278.064 192.053
282.846 194.657
259.951 232.67
266.97 245.562
274.538 257.996
281.34 270.781
254.029 290.399
264.712 290.761
273.78 290.461
278.298 290.106
282.333 287.977
203.33 229.493
214.5 225.052
225.589 223.714
232.536 233.486
224.924 236.664
213.8 236.109
264.792 234.36
268.989 226.68
276.749 223.532
282.972 230.281
277.957 235.884
270.954 237.23
241.319 328.39
251.284 319.978
263.496 313.036
277.723 313.059
283.232 311.098
284.974 318.867
283.414 327.701
283.336 330.332
280.945 332.147
277.373 333.105
265.508 333.83
252.596 333.671
262.252 323.401
276.08 321.572
279.04 321.905
278.315 322.04
276.245 322.038
263.096 324.115
