168.275 236.782
179.364 230.232
192.749 228.908
206.366 230.219
219.135 233.529
244.364 233.529
249.995 229.647
255.711 227.461
261.149 227.502
267.109 229.695
237.821 261.928
245.117 274.422
252.676 286.423
259.435 299.387
234.475 318.004
243.677 318.574
251.857 317.617
256.436 317.088
260.461 315.875
184.045 263.467
193.699 259.421
203.264 258.258
209.902 266.036
202.06 268.975
192.725 268.844
246.472 263.768
252.606 256.912
260.099 255.17
262.738 261.161
259.616 265.563
253.285 265.706
217.186 348.521
228.582 341.228
240.256 335.046
253.757 333.825
260.259 332.982
265.211 336.913
265.716 343.403
263.762 350.548
259.464 355.699
252.756 357.776
240.433 358.579
228.25 355.287
238.269 345.146
252.537 343.61
258.498 343.859
258.444 344.62
252.997 345.385
238.884 346.013
