88.407 159.651
94.8474 154.624
102.973 152.465
111.645 152.981
119.97 155.72
152.23 154.396
166.597 150.246
182.027 149.694
197.019 154.486
211.475 161.151
133.959 180.355
131.003 196.598
127.727 212.854
124.994 228.876
117.161 241.158
123.012 244.662
130.188 245.65
139.239 244.71
148.619 242.483
97.9523 185.056
103.616 178.498
112.556 179.126
120.064 186.112
111.619 188.156
103.444 188.326
162.98 184.789
170.632 177.224
181.618 177.353
191.859 182.698
182.357 186.52
172.082 187.457
113.318 270.567
117.602 264.548
124.089 261.266
131.351 261.676
144.234 261.197
156.383 265.261
167.9 271.014
157.553 278.09
145.706 282.614
133.392 283.74
125.381 282.526
118.487 278.107
125.35 270.894
132.665 271.156
146.347 270.996
145.953 271.212
132.589 271.841
124.98 271.695
