79.9397 198.496
87.5443 193.887
95.9402 192.774
104.308 193.944
111.906 197.245
143.74 192.795
157.653 187.602
172.389 185.592
187.695 186.417
200.249 192.582
127.966 218.146
125.047 230.143
121.557 241.72
118.427 253.569
111.66 274.085
117.627 274.784
124.121 275.117
134.162 274.435
143.992 273.308
92.9139 224.17
99.4933 218.402
107.994 218.764
115.562 223.932
107.877 226.926
99.5842 227.369
155.509 221.055
162.991 214.55
173.125 213.597
183.311 217.79
174.619 222.004
164.859 222.673
107.386 305.519
109.529 296.57
115.827 290.472
124.299 290.518
137.225 289.841
149.032 295.312
159.932 303.178
150.264 310.453
139.012 314.404
127.36 315.055
119.141 314.795
111.969 311.524
119.372 302.303
125.657 301.898
138.443 301.159
138.239 302.605
126.085 303.012
119.016 302.943
