113.955 255.122
122.466 248.077
133.713 244.413
145.442 244.639
156.713 247.675
199.398 246.786
211.392 243.664
223.623 243.399
235.459 247.251
244.535 254.322
179.195 274.241
178.689 289.637
178.154 304.842
177.521 319.616
163.569 331.577
169.97 333.392
177.032 335.038
184.768 334.142
191.656 332.344
127.807 274.193
136.639 267.754
148.005 268.204
155.432 276.969
145.85 280.094
136.081 279.341
203.802 276.72
211.526 268.411
222.607 268.421
230.936 275.338
222.145 279.748
212.574 280.263
149.184 365.614
156.236 357.056
166.04 352.219
176.396 354.527
186.591 352.919
196.568 358.198
204.821 366.415
197.012 374.483
187.256 379.008
175.968 380.35
165.031 378.575
155.996 373.894
165.843 364.344
176.156 365.065
187.192 364.795
187.912 366.41
176.328 366.259
165.758 366.1
