109.793 213.834
122.469 207.246
138.189 207.751
152.525 212.035
165.681 219.012
204.847 225.6
219.306 222.667
233.87 223.44
248.154 227.6
258.066 238.771
182.446 245.754
180.957 262.566
179.576 279.461
177.502 296.267
156.156 308.055
165.028 310.778
173.741 312.677
181.431 312.956
188.652 312.549
117.677 239.988
131.258 235.704
143.866 239.059
151.135 249.327
139.634 249.952
127.269 247.615
205.806 258.157
217.023 250.089
229.882 251.255
240.456 259.451
228.659 262.468
216.358 261.539
130.136 334.563
143.686 330.67
157.093 328.375
170.101 330.522
181.712 331.427
191.842 336.773
199.978 344.432
190.198 351.124
178.874 354.885
165.965 354.435
152.393 351.186
140.461 344.194
152.418 337.318
168.351 340.044
181.311 341.717
181.249 342.701
167.86 340.855
151.951 338.572
