76.4058 213.055
82.8107 217.491
86.4131 221.43
89.5242 224.527
92.1666 227.915
117.914 220.192
128.317 218.485
139.064 216.632
150.08 216.091
162.384 215.737
103.068 240.968
98.7462 257.808
93.6255 274.861
89.3213 292.452
90.7988 301.843
94.302 303.549
99.2247 304.867
108.828 303.724
117.229 301.332
73.5886 246.939
78.0656 239.993
86.8616 241.354
95.1758 251.704
86.7718 253.118
78.3559 252.196
129.906 249.273
136.19 238.366
147.34 238.503
157.492 245.174
147.943 249.638
137.947 251.341
93.395 327.583
92.6076 322.226
95.6881 320.555
100.982 321.41
114.302 321.061
127.668 322.66
139.595 327.105
132.433 339.511
120.358 345.735
106.545 347.376
98.3613 344.905
93.8668 338.056
96.9854 328.822
103.773 329.604
120.028 329.278
120.501 335.208
105.546 335.943
98.5268 334.658
