96.6531 197.532
104.708 191.505
115.4 189.901
125.813 191.53
135.662 195.101
172.74 188.607
186.352 183.52
201.202 181.763
216.025 183.83
227.829 191.809
154.143 211.795
153.117 224.966
151.667 237.913
150.589 250.578
138.315 268.767
145.267 269.766
152.825 270.129
162.175 268.989
171.375 267.063
108.476 220.006
114.887 214.42
124.156 214.058
133.084 219.886
124.412 222.053
115.943 221.788
181.947 216.032
189.054 208.248
199.642 208.245
209.76 212.402
200.424 216.357
190.987 217.191
129.322 299.439
135.706 293.486
143.49 289.069
152.161 289.608
165.165 288.268
177.708 292.262
190.246 296.904
179.438 304.091
167.018 307.86
154.02 309.007
144.343 308.781
136.062 305.657
144.708 298.357
152.893 297.435
166.013 297.166
166.105 298.524
153.254 298.577
144.324 299.533
