125.317 170.863
137.567 162.08
153.104 160.396
168.288 163.235
182.607 168.856
218.806 171.107
230.838 165.841
243.315 163.727
255.805 166.221
264.619 175.003
202.36 190.326
203.709 206.829
205.345 223.972
206.753 241.219
186.292 253.471
195.145 255.444
204.755 255.59
212.652 254.958
219.798 252.421
144.753 193.525
155.132 188.33
166.991 188.814
176.094 197.117
165.328 199.307
154.217 198.483
221.983 197.253
230.531 189.704
241.265 189.048
250.904 195.42
241.775 199.683
231.547 199.445
169.835 283.714
180.884 277.176
192.409 273.184
204.585 275.092
214.588 273.121
223.716 276.685
230.835 283.392
224.634 294.08
215.234 301.636
203.385 303.652
189.402 301.947
177.961 294.554
190.524 282.215
204.438 283.192
215.407 282.365
215.249 285.778
204.401 287.594
190.615 285.683
