127.819 193.761
139.866 185.152
155.521 182.625
171.33 185.001
186.185 189.997
222.805 193.195
234.607 190.352
247.247 189.992
258.959 193.852
266.93 202.462
205.034 221.167
207.485 237.589
210.608 253.865
213.67 270.404
188.557 288.228
197.54 290.252
207.102 290.71
214.966 290.393
221.943 288.925
143.148 223.892
154.637 218.625
167.319 219.559
176.633 228.809
165.251 229.99
153.869 229.072
223.11 231.49
232.946 224.39
244.013 224.1
252.254 230.912
243.236 234.089
233.083 233.738
167.494 323.354
181.158 317.822
193.562 314.705
205.672 316.596
214.589 314.903
223.291 318.231
230.532 326.127
224.885 337.113
215.538 343.326
204.14 344.961
190.067 343.187
177.458 335.932
186.344 325.981
204.443 326.944
216.878 326.812
217.187 327.691
204.74 328.885
186.735 326.892
