103.185 188.235
115.026 180.067
129.945 177.512
145.12 178.861
159.319 183.569
198.441 182.481
212.972 177.91
228.234 176.304
242.723 179.273
254.035 187.469
177.786 203.784
178.437 219.929
179.037 236.335
179.852 252.357
162.688 267.907
170.801 269.55
180.223 270.52
189.413 269.189
197.308 266.512
122.067 209.971
132.369 202.608
143.86 203.006
153.143 211.382
143.005 214.795
131.589 215.263
204.143 211.297
213.112 202.682
224.334 202.471
234.082 209.678
224.931 214.358
214.095 214.45
148.483 304.765
157.096 294.674
168.774 288.692
181.688 289.476
193.838 287.657
204.758 292.967
213.06 302.333
204.363 310.321
194.178 315.545
182.18 317.627
169.45 316.497
157.717 312.538
168.867 300.179
181.824 299.406
193.221 298.873
193.2 299.676
181.543 300.516
168.619 300.643
