70.1724 145.348
73.5094 140.483
77.3258 138.185
82.0046 137.654
85.6979 139.737
126.889 136.818
142.061 135.786
157.426 139.301
171.356 145.886
182.265 155.475
103.761 175.403
97.202 191.952
90.5763 208.34
83.7603 225.169
85.431 238.188
90.7623 240.635
97.4796 242.069
107.498 241.163
117.793 239.113
75.9089 173.54
80.05 166.829
89.2867 167.927
96.9212 177.023
88.6562 179.938
79.8972 180.181
133.586 177.065
141.545 167.622
152.38 169.323
163.689 176.021
153.05 179.391
142.206 180.23
85.7893 268.963
84.6349 262.312
90.2601 258.687
97.0762 260.825
111.838 261.645
125.725 266.131
137.937 271.1
124.867 278.776
111.235 283.144
97.6717 284.38
91.2453 281.78
86.7354 277.118
91.5287 270.456
98.3278 271.229
114.109 271.595
112.802 272.163
97.3666 272.456
92.2611 271.483
