97.162 177.16
104.99 170.988
114.765 168.739
124.332 169.377
133.647 172.851
177.595 171.092
190.809 166.024
205.125 165.218
219.352 168.702
231.236 176.611
155.699 198.291
153.562 213.376
150.942 227.686
148.768 242.353
136.757 259.507
143.746 261.231
150.852 261.66
160.628 261.791
170.172 260.615
108.759 202.589
118.096 197.442
128.622 198.306
135.783 205.407
126.697 208.218
116.537 207.624
183.321 205.129
191.818 196.754
203.56 196.627
214.413 201.982
204.995 206.566
193.832 207.48
126.616 289.028
133.149 282.456
141.642 278.532
150.892 279.411
164.782 279.034
177.424 284.913
189.733 292.083
178.191 300.802
165.671 306.727
152.161 308.357
140.819 306.057
132.284 299.334
141.309 289.897
151.26 290.156
167.497 291.045
167.193 292.332
151.303 292.928
141.043 291.15
