93.2896 169.178
102.957 163.317
114.392 162.815
124.962 165.58
135.297 170.285
183.34 173.52
196.519 169.256
210.477 167.338
224.428 171.349
235.589 180.923
155.191 195.788
153.756 210.395
151.899 224.999
149.777 239.664
135.806 253.526
142.443 255.768
150.069 256.841
159.05 256.818
167.386 256.609
106.855 194.765
116.308 188.815
126.833 190.286
135.003 199.126
124.699 200.635
114.941 200.014
182.849 202.445
191.688 193.888
203.068 194.124
213.59 200.517
203.609 204.51
193.132 205.201
123.345 284.694
131.489 280.674
140.268 277.441
149.098 279.782
160.165 279.192
170.015 284.025
180.315 288.896
170.277 293.41
159.355 295.774
147.955 295.802
138.655 294.665
130.85 290.607
140.554 285.033
148.78 285.994
158.377 286.203
158.662 285.665
148.518 285.263
140.09 284.63
