125.148 204.933
137.705 195.915
152.915 193.431
168.537 196.467
183.247 202.427
222.666 202.208
232.452 196.957
242.977 194.009
253.742 194.931
263.979 199.946
205.299 227.8
208.138 243.518
211.089 259.061
213.517 274.581
192.051 294.059
201.146 295.565
211.277 295.847
219.344 295.132
226.17 293.24
144.124 228.17
155.528 220.996
167.423 221.296
175.95 231.223
165.478 234.287
154.231 233.197
225.096 230.135
233.233 221.345
243.758 220.356
252.742 226.214
244.947 232.199
234.809 232.934
178.432 329.358
187.987 321.517
198.854 315.703
211.639 315.727
221.384 314.238
230.073 318.582
237.149 325.801
230.547 333.985
221.332 338.18
211.406 339.502
199.222 339.347
187.695 336.287
200.702 326.905
211.428 325.613
220.047 325.837
219.549 326.5
211.13 326.065
200.601 327.363
