117.623 188.4
126.348 183.569
137.257 182.144
147.964 183.639
158.492 187.693
198.27 185.761
209.127 181.993
220.16 180.813
231.055 182.904
239.874 188.89
178.945 207.798
179.002 222.489
179.047 237.883
178.9 252.799
163.958 266.78
171.367 268.253
179.286 268.409
187.004 267.697
194.336 265.978
125.372 212.648
134.875 205.449
146.636 205.958
155.24 214.203
145.204 217.561
134.835 217.555
202.833 212.874
210.987 203.858
222.51 203.255
232.365 210.057
223.188 215.092
212.806 215.367
151.263 297.807
160.268 291.224
169.566 287.02
179.12 289.856
188.726 286.658
198.553 290.644
208.524 295.966
200.304 303.855
190.814 309.039
179.825 310.926
168.963 310.008
159.714 305.633
168.8 296.6
179.267 297.697
190.16 295.884
190.52 297.328
179.213 299.068
168.08 297.943
