101.948 259.566
105.471 257.157
110.191 257.51
115.261 259.316
120.123 261.804
148.737 261.694
159.153 260.618
169.768 262.087
180.316 265.624
190.533 272.355
129.596 284.568
123.642 295.937
117.685 306.051
111.458 317.314
110.404 333.083
113.432 334.652
118.535 335.755
125.562 335.71
132.366 335.969
105.656 282.251
109.44 278.55
116.592 280.383
122.3 286.608
115.504 287.125
109.579 285.713
153.212 289.429
159.193 284.025
168.402 284.901
177.55 288.78
168.568 292.6
160.003 292.381
105.016 359.236
104.175 351.392
108.873 346.798
115.387 348.976
127.596 349.583
138.6 356.843
148.573 365.331
138.381 370.875
127.377 372.79
116.846 371.483
111.229 368.424
107.145 364.699
112.206 358.779
116.102 360.03
129.057 361.19
129.071 361.572
117.872 360.328
113.533 359.986
