172.063 222.716
181.915 213.574
195.502 209.46
210.047 209.983
223.588 214.466
249.153 218.328
255.82 214.578
263.361 213.039
269.884 215.229
274.15 222.888
237.728 239.967
243.679 255.307
249.917 269.827
255.949 284.946
229.143 305.397
237.943 305.424
245.319 305.111
250.219 304.991
254.425 303.64
186.631 241.416
196.369 236.058
205.954 235.049
211.875 243.442
204.295 245.452
195.497 244.944
248.073 245.714
254.356 238.172
261.983 237.302
266.097 244.114
261.571 247.261
255.055 246.742
213.314 336.33
223.893 330.302
234.205 324.487
245.822 323.083
251.759 323.007
255.229 327.909
254.393 333.895
252.569 341.613
247.885 346.965
241.726 349.017
231.376 347.748
221.385 343.836
234.004 333.028
243.849 332.939
247.276 332.474
246.594 335.132
243.134 337.261
233.78 335.803
