89.9436 169.807
98.6298 161.854
110.326 160.788
121.824 164.127
133.123 169.011
173.357 167.286
188.107 160.581
203.417 156.947
218.92 157.975
232.348 165.865
152.616 192.201
150.64 207.762
148.34 222.983
146.123 238.046
132.761 253.8
140.123 256.647
148.326 257.618
158.582 256.904
168.737 254.66
101.499 198.381
111.101 191.707
122.014 191.5
132.106 198.841
121.589 201.891
111.038 201.761
183.78 196.675
193.027 189.128
204.452 188.959
215.916 193.653
205.682 198.626
194.446 199.488
124.35 288.398
131.546 280.096
140.168 275.273
149.718 276.54
161.601 275.298
172.56 281.153
182.774 289.495
174.24 299.015
163.477 304.661
151.124 305.564
139.802 304.714
129.918 298.928
140.226 286.922
149.762 287.162
161.333 287.122
161.895 289.141
150.338 289.55
140.151 288.9
