76.1843 161.018
80.0268 156.396
85.2445 155.325
89.6082 157.695
92.3599 161.715
116.287 155.961
132.633 152.499
149.373 153.869
163.627 161.45
175.026 173.958
99.3337 188.518
90.4685 203.758
81.1647 218.676
72.3308 234.426
72.898 252.531
78.5668 254.97
85.2402 255.81
92.4269 256.595
102.412 256.231
74.9503 194.886
80.0352 185.494
88.0611 187.764
92.8645 196.234
85.936 200.792
78.6649 200.309
128.527 196.807
136.342 186.924
146.059 188.617
155.701 197.686
145.107 200.844
135.495 200.771
76.1301 292.907
72.7593 283.705
75.9767 278.225
82.3106 278.962
96.514 280.654
109.857 287.495
122.382 296.457
111.668 305.792
98.1538 311.39
83.785 311.682
76.6104 307.341
73.858 300.623
81.4068 285.426
85.0612 284.503
99.8897 287.695
99.1073 299.523
85.5885 300.592
81.4784 297.325
