176.259 216.232
190.822 206.793
207.148 204.021
223.769 205.265
239.761 208.346
261.806 215.841
267.374 211.123
273.223 207.593
279.64 203.9
285.695 204.574
254.092 242.535
261.301 257.554
269.545 271.753
277.914 286.66
250.743 307.295
259.708 307.98
266.966 307.194
272.377 306.53
275.445 304.252
200.029 242.346
210.012 237.636
219.597 236.234
224.52 244.907
218.084 249.008
208.701 248.153
259.807 243.844
266.65 236.019
274.487 234.14
277.561 238.986
273.867 244.635
266.996 245.289
225.979 342.299
239.095 334.499
251.984 328.488
265.946 327.84
270.936 326.204
274.003 329.835
273.846 335.794
274.418 344.803
270.632 350.71
263.902 352.648
250.572 351.955
238.259 348.68
250.539 338.886
264.682 337.936
266.948 336.297
268.274 337.964
265.496 340.831
251.026 341.693
