169.394 254.786
179.64 246.44
193.227 241.917
207.771 241.207
221.409 243.738
248.037 244.827
254.989 242.984
262.086 242.58
267.741 244.955
272.227 249.554
237.751 272.652
243.066 286.165
248.217 299.38
253.102 313.198
231.373 329.124
238.476 329.232
244.964 328.981
248.566 328.385
251.811 328.095
185.973 270.612
194.795 265.056
204.779 264.497
210.531 273.018
202.917 275.775
193.625 275.206
244.283 272.305
250.16 264.524
258.436 263.717
261.218 270.48
257.732 274.621
251.195 274.376
210.461 362.599
221.06 355.211
231.858 348.33
244.256 348.368
250.101 346.96
254.335 352.782
253.01 361.65
251.447 368.544
247.295 374.405
241.303 375.906
229.797 374.997
219.371 370.072
230.509 358.582
242.89 358.898
246.215 359.053
246.38 360.835
243.345 361.93
231.3 361.539
