131.251 210.776
141.219 200.461
154.99 196.144
169.366 197.108
183.509 201.164
221.394 198.756
233.034 195.616
245.015 194.917
256.487 198.716
263.823 207.053
205.261 222.882
207.083 235.655
208.992 248.492
210.869 261.707
192.233 282.097
200.898 283.191
209.853 283.118
217.416 283.502
224.714 282.672
148.134 230.871
157.364 225.141
167.566 224.767
176.129 231.032
166.832 233.795
157.177 233.767
227.073 231.569
235.692 225.741
245.522 225.515
253.027 231.869
245.222 234.868
236.005 234.121
180.641 319.329
187.943 307.001
198.147 298.876
210.896 299.066
222.516 299.141
231.236 307.676
235.929 319.295
230.101 327.404
221.09 332.03
210.889 333.333
199.052 332.383
188.623 327.855
198.55 314.326
211.067 312.556
221.516 314.302
220.975 315.691
210.883 315.954
198.499 315.754
