81.4022 230.046
91.3382 220.773
105.061 220.451
118.291 224.898
130.638 231.812
173.093 231.033
191.757 225.177
210.819 222.583
229.505 227.903
242.878 241.48
148.567 257.325
144.608 275.558
140.637 293.595
137.385 311.763
122.395 328.658
130.811 333.49
140.699 336.142
152.481 335.595
163.43 333.56
91.122 259.961
102.238 250.912
116.233 253.547
124.802 265.036
113.121 268.314
100.727 267.446
183.363 266.912
194.241 255.141
209.091 255.613
222.559 264.696
209.81 271.738
195.768 272.422
110.26 369.873
118.691 360.77
129.213 355.67
140.578 359.427
156.683 358.27
170.572 365.873
183.656 375.333
171.484 386.625
155.933 391.792
140.045 391.711
128.103 389.389
117.646 381.965
127.728 370.475
140.376 371.617
158.533 372.856
158.915 373.77
140.673 373.201
128.109 372.129
