77.9167 188.928
82.3621 189.349
87.083 192.328
91.7163 197.43
95.4636 203.325
116.641 200.082
131.747 197.431
146.526 197.448
160.265 201.816
172.037 208.967
103.276 225.826
96.6958 242.035
89.5676 258.747
82.8839 275.487
84.2539 286.42
89.9176 290.159
95.3927 291.868
104.115 291.489
113.24 289.086
81.8411 218.302
86.2262 213.307
93.3169 216.457
98.4895 223.881
91.8203 225.56
84.8589 224.007
131.584 228.631
138.367 221.782
148.422 223.452
159.096 229.255
149.215 233.137
138.511 232.686
90.0424 316.265
90.0783 311.912
93.4632 309.438
98.2381 310.769
109.874 312.765
120.208 317.49
130.252 322.445
120.763 327.853
109.902 330.174
98.6439 329.538
93.2249 326.187
90.4801 321.425
96.4452 316.949
100.247 318.076
110.825 319.77
109.867 320.471
99.2671 318.687
94.8085 316.995
