75.2088 216.318
83.962 208.794
95.685 207.096
107.318 207.767
118.443 211.806
163.636 213.343
180.681 209.757
197.955 209.23
215.255 213.182
229.915 222.42
137.587 243.615
134.2 257.492
130.244 271.275
126.416 285.357
116.132 307.815
121.974 308.809
129.248 309.47
138.861 310.639
148.576 311.026
86.8513 244.995
95.2857 236.645
107.384 237.736
116.077 247.01
105.435 248.677
94.7529 248.963
171.658 250.228
181.559 240.62
195.283 241.331
208.847 250.472
195.717 253.084
182.779 253.616
101.633 343.189
106.732 333.465
115.218 326.447
126.245 326.884
141.385 329.767
152.356 339.913
163.204 350.96
150.916 355.737
138.274 357.1
124.529 356.462
114.992 353.776
107.121 350.006
116.934 340.588
125.952 341.416
138.419 344.162
138.465 345.314
125.736 341.807
116.897 341.506
