73.0108 194.969
80.4885 188.109
90.4749 187.102
100.057 189.566
109.097 194.826
149.86 194.192
164.73 189.352
180.304 188.683
195.809 191.305
208.52 199.825
130.11 220.917
126.176 237.254
121.939 253.008
118.089 269.344
106.29 284.391
113.638 287.907
121.858 289.033
133.663 287.849
144.667 284.929
83.8941 224.784
91.225 217.715
101.24 219.071
109.63 227.232
100.391 229.176
91.0401 228.958
160.25 228.437
168.981 218.847
181.062 219.306
192.438 225.631
181.802 230.243
170.632 231.051
103.043 314.748
107.257 306.834
114.543 302.881
122.635 304.444
137.291 303.907
149.677 309.319
160.783 316.457
151.412 327.906
139.101 334.932
124.911 335.939
114.707 332.825
106.785 325.552
116.376 315.914
123.887 316.832
137.753 316.906
137.247 318.345
124.203 319.327
116.412 317.03
