86.3374 200.28
95.5564 193.826
106.725 192.024
117.439 193.391
127.535 196.599
167.146 196.406
182.769 194.112
198.009 193.384
213.537 197.504
226.086 207.423
145.176 223.952
141.535 239.845
137.88 255.608
134.374 271.969
124.073 289.692
130.092 290.652
136.549 291.024
144.955 292.006
153.676 292.216
95.277 223.677
105.023 218.537
115.936 220.846
124.057 229.104
113.084 230.664
103.415 229.237
172.237 231.034
181.648 221.713
193.278 222.259
205.78 228.19
194.588 233.043
183.77 233.904
112.631 322.441
119.866 314.534
128.278 309.96
137.148 312.049
150.567 311.503
162.869 317.616
174.955 324.782
164.463 332.242
151.259 335.413
137.16 335.179
127.2 334.074
118.76 329.716
129.42 320.627
137.667 321.554
150.209 322.168
150.285 323.702
137.209 322.255
128.542 322.242
