106.398 219.447
116.422 210.737
129.088 205.422
142.477 203.549
155.604 204.683
206.839 207.053
219.529 205.852
232.057 208.183
243.575 213.464
251.886 222.435
179.875 238.926
180.678 254.093
181.148 269.32
181.662 284.074
161.615 301.75
170.55 302.817
180.16 303.278
188.983 303.142
197.18 302.294
122.815 243.065
133.145 237.182
144.301 237.235
153.62 243.646
143.536 247.171
132.619 247.436
204.339 245.126
213.5 237.99
224.726 237.844
234.061 244.425
224.957 247.978
214.34 248.014
142.735 334.32
152.687 323.527
164.945 316.668
178.991 317.312
192.661 316.768
203.766 324.282
211.562 334.978
201.734 342.618
191.511 348.214
178.996 349.744
165.714 348.645
153.536 342.976
163.691 328.466
178.801 327.098
192.166 328.806
191.765 332.611
178.768 333.324
164.077 332.244
