70.0662 198.708
76.6066 193.664
85.702 191.707
94.6412 192.436
103.4 195.097
144.636 190.359
159.814 187.01
175.786 186.338
190.844 189.968
202.176 198.852
126.73 224.774
124.353 239.422
121.526 253.903
118.856 268.17
108.097 285.488
114.101 287.267
120.777 288.19
130.949 287.827
140.179 286.13
79.9876 230.649
87.4041 222.348
97.9783 222.428
106.315 230.134
97.7176 233.755
87.9548 234.067
155.635 230.222
164.06 221.426
175.794 221.652
187.119 228.434
176.517 233.547
165.142 233.964
99.696 320.52
105.368 313.382
112.431 309.248
120.867 310.194
134.095 309.631
145.66 315.536
157.106 322.5
147.298 330.318
135.39 335.56
122.579 336.152
112.785 334.738
104.501 329.316
113.523 320.025
121.377 319.835
134.827 320.296
134.576 321.038
121.183 321.127
112.902 320.361
