80.766 150.543
85.806 143.293
94.191 140.723
103.188 141.528
110.897 146.01
148.176 144.617
160.824 140.495
174.339 140.433
187.941 143.195
198.692 150.517
127.448 177.822
123.731 190.522
119.506 202.768
115.431 215.572
106.449 236.217
112.654 237.548
119.314 238.17
128.028 238.378
137.134 237.522
82.0127 179.126
89.8547 172.974
99.5196 174.479
106.927 181.886
98.2367 184.819
88.6888 184.964
155.88 182.747
163.78 173.111
175.819 173.019
187.85 178.936
177.769 184.694
165.898 185.782
97.0405 272.054
99.9893 262.736
107.566 256.823
117.124 257.625
131.021 258.267
142.926 264.935
154.73 272.843
144.205 282.234
132.466 287.741
119.495 288.019
109.669 286.281
102.41 281.067
111.311 269.387
118.361 269.564
129.775 269.233
130.764 271.11
119.078 272.25
111.646 270.878
