173.455 249.04
186.003 241.46
201.492 238.626
216.78 240.856
231.581 245.877
255.604 250.395
261.015 247.045
266.586 244.271
271.524 244.011
275.268 247.09
239.048 277.25
244.712 292.119
251.171 306.411
256.316 320.835
227.259 339.452
235.88 339.049
243.619 338.589
247.178 338.556
250.814 337.223
182.571 271.605
192.116 268.128
202.721 267.869
208.971 275.723
201.479 279.492
191.43 278.229
247.283 279.107
253.033 273.901
260.542 272.16
263.265 277.727
259.404 282.814
253.539 282.518
205.393 372.801
217.97 367.277
231.266 361.023
245.188 361.516
250.938 360.643
253.791 365.831
250.8 371.893
249.618 378.704
246.015 384.894
240.139 386.994
227.212 386.1
215.265 380.301
229.494 370.28
242.35 370.606
243.927 369.782
243.891 373.106
241.369 373.243
229.895 373.091
