89.3526 211.054
97.7402 201.918
109.215 197.825
121.049 198.723
132.21 202.781
168.153 191.808
183.734 184.49
200.348 180.925
217.026 183.744
229.767 193.917
152.14 231.65
151.989 247.812
151.722 263.008
151.927 279.111
143.795 300.188
150.658 300.385
157.905 300.259
168.246 297.924
178.612 294.945
103.126 237.833
111.335 228.988
122.941 229.525
133.002 237.217
122.465 240.566
112.168 241.64
183.044 229.515
189.741 219.264
202.33 217.991
214.197 223.958
204.503 229.566
192.972 230.958
137.952 331.189
143.215 323.425
151.075 318.244
160.538 318.818
173.484 316.423
186.053 319.859
197.385 325.359
189.229 336.872
177.335 343.312
164.206 345.808
153.211 345.419
143.85 340.988
152.843 328.646
161.817 327.809
175.083 326.327
174.135 329.484
161.277 331.46
152.58 330.792
