81.3287 196.79
89.8658 186.566
102.693 181.868
116.454 182.226
130.234 185.975
173.932 182.802
191.398 178.065
209.695 176.418
227.634 180.143
242.511 190.255
153.164 218.874
150.961 234.672
148.762 249.981
147.09 265.58
132.746 287.369
140.372 289.715
149.094 290.806
160.614 289.248
171.227 286.456
97.0047 219.953
106.945 211.009
119.77 212.265
129.866 222.743
117.954 226.349
106.078 226.094
185.38 219.785
193.378 208.031
207.793 206.993
221.505 214.69
209.992 220.812
197.156 222.556
120.609 325.241
127.5 316.326
136.99 310.876
148.208 312.638
162.369 311.55
175.358 317.552
188.415 325.855
176.689 333.798
163.647 338.943
149.244 340.454
137.551 338.931
128.21 333.541
138.982 322.684
148.919 323.082
162.015 322.987
162.081 324.563
149.394 324.924
139.064 324.316
