126.955 206.732
138.714 197.317
153.397 192.021
168.146 191.743
182.614 194.991
221.619 191.821
232.398 186.494
244.293 184.562
256.387 187.069
266.343 193.54
206.945 217.14
209.527 232.391
212.469 247.559
215.524 262.481
196.083 282.308
205.034 283.396
214.796 283.536
223.197 281.879
230.397 278.739
148.316 226.848
158.078 219.537
169.116 218.991
178.89 226.211
169.079 229.802
158.531 229.927
227.068 221.555
234.883 214.392
245.127 213.021
255.124 218.445
246.61 223.253
236.707 223.673
180.459 317.288
191.524 308.572
202.474 302.109
215.328 301.631
225.569 299.903
235.658 304.182
244.671 311.201
237.998 320.215
228.665 326.632
217.394 329.044
204.141 328.794
191.729 324.23
202.483 314.431
216.046 312.579
228.157 312.306
228.394 313.286
216.441 314.522
202.14 315.106
