124.857 177.327
137.271 167.646
152.072 161.74
167.174 161.34
182.404 164.95
223.536 164.213
234.097 160.384
244.79 159.261
255.196 162.448
262.986 169.183
204.931 191.427
207.695 206.9
210.651 222.427
213.353 238.097
192.874 251.749
202.254 252.892
211.904 252.873
219.59 251.639
226.496 249.563
145.303 194.359
156.349 188.663
167.727 188.975
176.197 196.504
166.195 198.521
155.827 197.685
225.411 195.03
233.274 187.452
243.123 186.325
251.557 190.931
244.249 195.09
235.006 195.918
169.305 277.674
184.259 272.407
198.003 268.448
212.213 268.645
222.415 266.634
232.198 268.691
241.267 272.502
234.407 283.679
224.992 291.346
212.737 293.743
196.997 293.299
181.676 287.413
195.114 278.454
212.361 277.449
223.815 276.676
223.692 278.642
211.801 279.437
194.625 279.788
