81.3711 232.354
89.7403 222.787
102.737 219.204
115.812 219.584
128.414 223.202
175.439 224.168
191.937 219.379
209.184 218.726
227.117 222.029
239.757 233.177
150.442 250.965
148.236 268.243
146.003 285.019
143.932 301.925
129.088 318.597
137.976 320.892
147.631 322.035
159.21 321.076
169.832 319.003
96.8796 257.895
105.791 250.207
117.47 250.893
127.148 258.868
116.867 262.189
105.818 262.311
183.588 260.038
192.425 251.438
205.138 251.424
216.911 259.05
205.519 263.211
193.932 263.421
117.102 348.021
126.514 340.727
136.627 336.106
147.647 337.934
162.291 336.824
175.756 341.323
189.577 348.199
176.981 358.813
162.441 364.621
146.824 365.844
135.163 363.989
125.257 357.368
135.174 348.638
147.632 348.893
165.488 348.59
164.99 349.253
146.992 349.302
135.051 349.097
