86.1828 178.827
93.0873 178.699
99.4165 180.904
105.11 183.595
110.702 186.561
150.378 189.295
163.738 186.686
177.474 186.588
190.929 190.237
202.69 196.711
129.055 209.586
124.673 224.092
119.925 238.172
115.173 252.385
102.525 269.711
109.077 272.24
116.706 273.897
128.352 273.928
140.437 272.927
90.6266 209.578
98.481 204.645
107.488 205.679
114.98 213.531
105.91 214.883
97.1698 214.019
157.07 216.952
166.525 211.448
177.211 213.861
187.26 219.92
176.584 222.015
166.147 220.66
95.5437 298.724
99.613 289.8
107.622 284.979
116.803 287.717
130.075 287.821
141.713 294.787
152.187 303.051
140.587 308.506
127.664 311.44
114.858 311.094
106.193 309.958
99.6045 305.385
108.629 296.835
116.459 297.923
129.85 298.292
128.931 299.159
116.293 298.295
108.205 297.3
