94.3195 196.17
105.233 183.286
119.995 176.108
135.966 174.012
151.852 176.331
202.464 174.039
218.045 171.12
233.6 171.561
248.977 175.965
259.369 188.245
180.689 214.438
182.535 234.154
184.424 253.726
185.852 273.353
165.391 286.317
174.715 286.975
184.721 287.588
193.804 286.402
202.741 284.558
114.289 219.665
125.196 212.56
138.447 212.982
148.628 220.759
137.135 223.342
125.099 223.605
208.723 217.813
217.896 209.642
230.31 209.173
240.673 215.09
230.582 219.545
219.246 219.901
150.62 319.753
160.862 312.531
172.088 306.215
184.402 307.943
196.014 306.01
206.958 310.632
215.806 317.713
205.587 323.972
195.673 327.528
184.869 329.069
173.223 328.389
161.654 325.605
170.572 317.549
184.628 318.318
197.683 316.528
197.363 314.653
184.471 316.064
170.903 315.275
