85.274 223.939
89.1544 219.137
94.7802 217.839
101.131 218.738
106.359 222.028
132.398 218.834
147.812 215.429
163.684 216.213
178.028 222.614
188.674 233.487
118.833 246.971
114.5 260.961
110.142 274.913
106.193 289.828
105.123 301.265
109.044 303.623
114.066 304.877
122.043 304.537
130.724 303.669
90.575 248.199
94.3503 242.302
102.819 243.527
110.714 250.238
103.183 252.368
95.2081 252.338
142.709 247.766
149.53 242.179
159.093 243.902
167.998 249.052
159.606 251.834
150.001 251.816
102.098 327.192
102.785 321.564
107.756 317.664
114.082 318.552
125.316 318.932
135.677 323.675
145.439 327.887
136.11 334.372
126.387 338.379
116.288 339.53
109.79 337.516
105.023 332.827
109.074 327.13
115.069 326.934
126.443 328.091
126.043 329.414
115.287 328.78
109.309 327.554
