81.5655 138.181
86.2623 132.348
93.1087 128.855
100.607 129.018
107.718 132.733
142.445 127.871
157.177 122.955
173.155 122.272
188.491 126.3
200.116 135.715
129.592 161.451
125.941 177.375
121.762 192.286
117.779 207.861
111.059 223.36
116.827 226.868
124.318 228.071
134.2 226.412
143.888 222.308
91.3931 165.33
97.8785 157.584
107.782 158.286
116.845 166.261
107.511 168.99
98.3879 169.789
158.956 162.389
166.438 153.339
177.345 153.136
188.683 157.795
179.723 163.108
169.111 163.955
109.648 254.51
111.552 247.972
116.951 243.942
123.712 244.867
136.035 243.963
147.425 247.777
156.607 254.727
147.518 261.334
136.767 265.71
125.533 266.592
118.734 265.771
112.96 261.275
119.622 254.152
124.842 254.258
136.447 254.925
134.532 255.206
123.768 255.089
119.118 254.203
