89.1994 189.934
92.881 187.073
97.5375 187.511
102.388 188.997
106.666 191.267
133.295 185.616
148.494 182.753
163.822 183.406
178.592 186.905
191.953 193.606
119.94 212.114
115.061 223.147
109.958 233.499
104.988 244.384
103.562 260.683
107.871 263.368
113.19 264.846
123.004 263.357
132.282 260.762
96.184 215.493
100.88 209.55
108.243 210.217
114.934 215.545
107.915 217.969
101.15 217.916
146.647 212.951
153.375 205.858
162.752 206.35
172.538 210.588
163.34 213.272
154.793 213.836
101.116 289.844
102.422 284.156
106.866 280.406
112.542 281.697
125.184 280.843
137.612 283.728
149.676 287.298
138.478 294.197
126.124 298.766
112.805 300.132
106.69 299.233
102.371 295.574
108.218 288.146
112.819 288.339
126.837 287.791
126.224 288.711
112.129 288.836
108.017 287.816
