179.784 238.024
189.419 226.548
203.091 220.612
218.171 221.169
232.513 224.296
264.861 225.551
270.09 221.352
275.544 219.747
280.712 222.31
284.745 230.175
249.417 255.686
258.04 268.185
266.721 280.187
274.459 292.622
247.157 321.21
256.168 320.434
263.987 319.698
268.532 318.619
272.014 316.553
192.432 262.453
202.797 253.633
214.205 250.701
220.913 261.638
213.353 266.584
203.044 266.691
255.579 261.103
262.029 250.774
270.937 248.764
274.376 257.926
271.089 263.216
263.5 263.126
222.182 356.044
236.853 347.263
250.172 339.237
264.103 337.036
270.393 336.051
273.654 341.223
271.771 348.339
271.538 355.847
267.351 362.22
260.46 364.409
247.041 365.32
234.092 362.584
247.328 349.433
261.503 348.105
264.883 347.499
264.716 349.331
260.234 350.09
247.071 352.345
