90.8192 216.535
96.1555 211.561
103.107 209.551
110.574 209.164
117.705 211.046
167.405 206.811
181.255 207.035
193.815 208.887
206.002 213.437
216.142 221.935
140.502 241.278
136.931 255.619
132.47 270.306
128.663 285.158
122.979 302.984
128.75 304.274
135.292 305
143.92 304.687
153.475 303.975
98.2021 243.361
105.828 236.564
115.816 236.536
124.838 243.516
114.981 246.194
105.894 246.055
168.325 242.613
177.772 235.492
189.352 236.928
200.455 242.54
189.676 245.739
178.576 245.827
112.535 336.215
115.263 325.465
123.292 319.158
134.239 319.485
148.369 319.315
160.895 325.79
171.449 335.987
161.835 345.603
150.52 352.711
136.608 355.063
125.609 352.987
117.231 346.157
125.377 330.95
135.307 330.72
149.825 330.883
149.484 339.161
135.522 340.75
125.449 339.15
