99.2654 187.798
107.68 179.283
119.138 175.473
130.59 174.133
141.41 176.407
173.325 175.631
187.558 172.53
202.169 173.221
216.644 176.458
228.825 184.999
158.412 204.6
157.74 218.117
156.731 231.346
156.011 244.877
143.248 260.692
150.411 261.764
157.599 261.993
166.526 261.358
174.89 259.693
111.734 209.782
119.538 203.895
129.953 203.972
138.224 210.559
129.193 213.504
119.626 213.73
183.974 209.255
191.652 202.72
202.606 202.177
212.138 207.373
203.1 211.212
193.187 211.74
132.617 290.187
137.84 281.234
146.595 276.327
156.723 277.672
169.034 276.021
180.66 280.767
190.884 288.683
182.193 297.476
171.487 302.215
159.36 303.368
148.558 302.94
139.285 298.16
148.51 288.195
158.034 287.92
171.054 287.31
171.291 288.621
158.822 289.52
149.021 288.905
