105.544 193.006
119.101 191.371
132.122 193.772
144.161 195.516
155.334 199.561
194.408 195.28
210.006 190.755
226.203 188.001
242.681 187.304
259.093 190.969
177.057 222.889
176.511 239.87
175.907 256.886
175.61 273.226
161.3 286.756
167.998 288.511
176.112 288.977
185.335 288.467
193.409 286.584
121.075 223.651
131.928 219.183
143.189 219.854
153.395 227.301
142.503 230.389
130.666 229.745
205.216 224.039
214.289 215.133
226.977 214.842
240.196 219.837
228.876 226.58
216.011 227.698
149.482 318.888
156.399 310.681
165.444 305.488
175.947 306.929
187.926 305.366
198.379 311.628
207.745 319.98
199.525 329.108
188.71 334.729
176.425 335.891
164.943 335.275
155.461 329.45
165.371 317.179
176.261 317.239
189.217 317.291
188.685 318.8
176.091 319.044
165.596 318.263
