175.672 233.993
187.939 227.721
200.821 224.873
214.198 224.419
226.932 226.018
254.818 226.806
259.615 224
264.908 221.888
269.771 220.789
274.458 221.634
245.539 252.093
252.363 264.404
259.33 276.009
266.265 288.19
238.654 307.375
248.256 308.103
257.45 308.342
263.094 306.293
267.677 303.269
190.865 259.68
200.23 256.095
209.911 254.847
218.206 259.845
209.692 263.477
199.619 263.427
253.42 256.299
259.742 249.337
267.052 247.858
272.044 251.645
267.892 256.607
260.876 257.712
222.745 337.755
233.964 329.949
245.647 324.132
259.125 322.713
266.132 320.837
271.85 323.404
272.249 328.717
270.359 335.84
266.61 342.146
259.554 345.269
247.077 346.339
234.878 343.36
243.44 333.395
258.024 331.325
264.891 329.947
265.388 331.172
258.86 333.209
244.541 334.705
