72.6287 172.536
76.6624 168.518
83.0609 168.454
89.3421 171.05
95.7468 174.356
124.011 171.959
138.151 171.574
152.642 173.12
166.166 176.764
178.5 183.398
111.031 204.56
104.076 220.397
96.7168 235.785
89.4722 251.958
90.725 267.536
95.8018 270.998
101.876 272.673
111.2 272.87
121.694 272.41
83.2461 200.135
86.813 194.505
94.8969 196.712
101.875 203.464
94.2996 206.715
86.7123 206.547
138.124 206.064
143.068 198.67
153.725 199.844
164.821 204.631
155.668 209.7
145.082 210.825
96.7855 299.712
94.9158 295.01
98.8905 291.257
105 293.137
119.351 293.049
132.731 298.506
144.876 304.022
134.614 311.748
122.745 317.261
109.56 317.672
102.285 314.667
98.029 308.207
103.764 301.596
107.948 302.822
121.232 303.117
120.75 305.039
108.592 304.987
104.729 303.138
