150.492 259.837
163.033 251.327
177.418 246.735
192.617 246.921
207.231 250.662
244.787 253.641
253.918 249.669
263.483 248.857
272.567 252.351
277.971 260.176
225.841 281.508
228.621 296.594
231.856 311.057
234.68 325.337
211.726 342.594
221.309 344.179
230.729 344.443
237.772 343.336
243.392 340.549
170.49 282.741
182.198 277.24
192.898 276.891
201.528 284.738
191.536 287.194
181.07 286.431
240.971 286.34
250.153 279.447
258.902 278.82
265.773 284.487
258.912 289.425
249.565 288.733
193.69 373.549
205.598 366.012
218.366 361.255
231.907 361.87
239.596 360.252
246.735 362.993
250.773 369.464
245.322 377.232
238.374 381.746
230.208 383.167
217.918 382.81
205.484 379.123
216.298 370.955
231.123 370.389
239.158 370.582
239.15 370.017
231.057 370.685
216.464 370.547
