150.186 190.845
163.748 181.753
179.362 177.121
195.483 176.567
211.332 179.641
250.935 181.942
258.375 178.263
266.216 175.858
274.775 175.402
281.807 179.102
235.524 201.168
240.513 214.819
246.054 228.64
250.676 242.603
224.035 264.193
234.29 264.894
244.323 264.733
250.733 263.167
256.306 260.508
166.718 208.364
178.781 199.83
191.195 197.45
201.105 205.566
191.351 209.82
179.481 210.058
249.265 206.15
258.222 197.924
267.777 195.935
273.422 203.866
268.31 209.077
258.726 208.694
203.972 297.872
218.916 291.513
231.726 285.701
245.005 286.451
251.057 284.025
256.723 287.361
259.786 292.57
256.636 302.137
250.97 308.948
242.275 311.575
228.228 311.179
215.062 306.223
228.726 297.26
243.892 296.734
249.261 295.297
249.759 295.795
243.315 297.254
227.944 297.992
