78.4884 123.389
87.7041 119.22
97.7044 119.917
107.049 123.749
115.256 130.407
144.686 124.944
161.055 117.67
178.707 114.925
196.25 117.749
210.863 126.557
129.773 147.362
126.158 163.452
122.222 179.246
118.64 194.586
107.988 209.377
115.027 213.051
123.062 214.651
134.031 214.12
145.231 211.864
89.982 153.476
95.8525 147.27
105.409 147.654
113.769 155.03
104.659 157.932
95.6172 157.39
161.135 155.736
169.035 146.954
180.425 147.208
191.695 154.331
180.566 158.135
169.838 158.441
96.7352 239.915
102.329 234.417
110.526 232.072
118.985 234.278
134.419 233.353
148.806 238.405
162.794 244.554
149.343 253.068
134.506 258.672
118.589 259.775
108.049 257.365
100.383 250.566
110.059 244.102
119.396 244.844
135.657 245.475
135.063 245.839
118.852 245.234
109.3 243.764
