90.0266 205.494
98.4414 197.858
109.547 193.973
121.091 194.795
132.1 198.449
166.164 193.146
180.441 187.094
195.928 185.028
211.621 188.14
224.393 195.756
150.3 220.675
148.758 235.548
147.235 250.339
146.027 264.718
133.135 282.371
139.903 284.269
147.26 284.947
157.466 283.65
166.853 281.061
104.348 229.063
112.708 222.448
122.869 222.421
131.748 228.34
122.74 231.504
112.899 232.042
178.479 223.642
185.947 215.695
197.001 214.994
207.456 219.916
197.865 224.56
187.962 225.161
121.818 316.786
127.618 306.976
136.673 301.601
146.918 302.106
160.819 301.14
173.74 305.909
185.759 312.678
174.558 321.051
162.087 326.206
148.709 328.031
138.363 327.544
129.407 324.003
138.94 314.466
147.246 313.46
160.699 313.112
160.935 312.572
147.769 313.492
138.97 313.843
