103.434 217.642
115.028 208.696
129.892 205.198
144.799 206.049
159.263 210.112
198.007 206.944
212.403 202.672
227.023 201.463
241.998 203.709
253.661 212.028
179.11 235.69
179.832 250.002
180.804 264.517
181.911 279.069
164.329 299.274
172.825 299.329
181.527 299.072
190.218 299.216
198.878 299.361
118.853 239.028
129.571 231.285
142.361 231.739
151.92 241.174
140.958 244.449
128.84 244.728
205.455 239.774
214.551 229.901
226.966 228.203
238.373 235.17
228.626 241.873
216.634 242.322
148.452 330.658
157.655 321.06
168.896 315.42
181.353 317.48
194.02 314.803
205.772 320.657
215.654 329.595
206.838 337.898
195.495 342.827
182.713 343.891
169.69 343.336
157.83 338.813
169.271 327.53
181.648 327.916
194.831 326.892
194.884 327.422
181.789 328.388
169.372 327.936
