101.388 209.479
110.115 203.674
121.012 202.702
131.735 203.808
141.564 206.962
180.528 204.735
193.02 203.531
205.66 204.695
218.047 208.219
227.288 216.563
156.731 232.014
154.326 245.062
151.823 258.46
149.426 272.122
137.013 290.787
143.932 291.739
150.846 292.357
160.634 292.381
169.912 292.174
110.278 236.302
119.24 230.359
129.471 231.106
137.603 238.083
127.588 240.252
118.186 240.059
184.393 239.454
192.662 231.998
203.508 232.541
212.567 238.543
203.523 241.919
193.677 242.054
126.187 323.645
132.484 315.485
140.749 310.897
150.012 311.642
162.298 312.03
173.307 317.978
182.125 326.563
172.836 333.045
161.837 337.219
150.19 337.881
140.391 336.299
132.518 331.341
139.91 322.56
150.059 323.58
164.133 323.595
164.259 324.835
150.07 325.085
139.901 324.255
