102.317 176.771
116.625 170.696
133.537 171.201
149.247 176.659
163.754 184.953
204.908 187.461
219.562 181.407
234.93 178.197
250.576 180.481
261.909 190.397
184.449 206.332
183.782 223.867
183.547 240.857
182.919 258.168
159.387 269.565
169.581 273.057
180.275 274.706
189.772 273.914
198.687 272.121
115.576 206.079
128.72 199.84
141.929 201.582
150.586 212.651
138.505 214.306
125.915 212.634
209.934 216.639
219.767 206.167
232.61 205.839
244.746 213.373
234.162 218.181
221.701 218.578
138.877 301.707
151.837 297.121
164.951 293.345
179.017 295.323
190.818 294.255
201.676 298.949
211.674 304.167
202.899 313.69
191.36 320.065
177.902 320.822
163.242 318.17
150.12 311.557
159.836 303.146
177.781 304.923
193.443 304.344
193.12 304.993
177.794 305.702
160.29 303.366
