108.629 219.04
123.772 207.983
141.483 203.085
159.772 204.749
177.372 209.773
228.685 209.86
241.191 202.455
253.652 196.282
266.965 195.097
278.531 201.047
207.587 240.632
212.306 261.459
217.58 282.22
222.597 303.301
193.144 326.42
206.901 326.578
220.85 325.412
230.57 323.313
239.239 319.512
130.156 253.726
144.747 247.968
158.836 246.684
171.079 253.557
158.676 257.787
144.801 257.702
233.507 247.917
243.931 238.969
256.077 236.261
267.297 239.411
258.156 245.665
246.111 248.401
173.407 362.424
189.763 356.558
205.741 349.986
222.452 349.462
231.515 344.852
241.749 345.693
251.15 347.944
244.669 360.812
236.59 371.674
223.493 377.926
205.481 378.408
189.031 371.904
200.315 360.856
222.619 358.614
236.154 354.275
236.404 356.674
222.342 360.969
200.632 362.657
