91.8868 156.591
98.075 151.6
105.749 148.688
113.485 147.257
121.29 148.397
150.347 146.573
165.576 143.863
180.994 144.868
196.282 148.684
209.313 157.787
137.21 177.374
134.762 190.527
131.86 202.79
129.117 215.348
119.933 232.389
126.008 234.046
132.785 234.735
141.486 234.083
150.18 232.204
101.002 181.789
106.646 175.999
115.042 176.135
122.458 182.673
114.803 185.067
106.637 185.365
163.47 181.025
170.244 173.749
181.141 173.675
191.861 178.841
182.471 182.361
172.415 183.163
113.468 261.573
115.741 252.591
122.514 247.832
131.157 248.526
144.289 248.296
155.95 253.532
166.409 260.665
156.712 269.112
145.406 273.775
133.431 274.663
124.591 273.858
117.343 269.67
125.261 259.888
132.229 259.677
144.617 259.47
144.23 260.692
132.912 261.589
125.943 260.91
