87.9825 191.138
91.9889 187.354
97.591 187.998
103.381 190.215
108.132 194.099
128.087 186.478
141.934 181.78
156.175 181.227
170.03 183.965
182.029 191.259
118.275 216.605
113.029 228.697
107.358 240.244
101.476 252.528
100.235 267.916
104.703 270.24
109.381 270.619
117.545 270.198
126.395 269.078
93.5102 217.707
96.1077 211.736
104.918 213.355
112.089 219.895
104.543 222.324
97.1377 222.514
142.228 218.447
145.631 209.776
155.623 210.037
165.542 214.17
157.443 219.647
148.303 220.802
102.09 295.423
100.677 289.872
104.421 286.266
109.54 287.602
121.064 287.806
131.415 291.613
140.269 296.703
131.033 299.293
122.002 300.795
112.235 301.584
107.551 301.025
104.247 298.756
107.636 293.559
110.395 293.986
120.21 293.175
119.903 292.271
110.398 292.537
107.908 291.99
