155.107 214.098
166.566 206.695
180.486 204.027
194.627 205.742
207.985 209.927
242.847 212.001
249.921 207.753
257.594 204.29
265.36 204.667
271.337 208.472
228.278 235.604
232.232 248.432
236.528 261.002
240.507 273.228
216.278 290.297
224.78 291.007
233.56 291.288
239.961 290.55
244.698 288.851
168.386 239.93
178.148 232.902
188.697 232.201
195.954 240.171
187.031 243.442
177.33 243.213
244.382 241.076
251.062 233.187
259.836 231.763
265.554 238.989
259.635 242.725
252.11 243.05
202.691 322.313
213.397 314.761
224.064 308.827
235.683 308.341
243.334 307.515
249.716 312.124
253.121 319.828
248.035 324.493
241.162 327.233
234.167 328.699
223.542 328.467
212.944 326.409
222.348 318.13
234.976 316.844
242.63 317.522
242.568 317.585
234.514 317.119
221.789 318.029
