95.0388 217.432
102.272 208.788
113.572 205.693
125.587 205.348
136.523 208.348
174.395 204.546
187.481 200.441
201.837 200.238
215.526 203.216
225.966 210.923
153.893 237.905
152.666 252.859
151.019 267.333
149.367 282.33
136.223 298.348
143.216 300.018
151.708 301.003
162.017 300.044
171.708 298.7
103.745 244.768
113.574 238.773
125.321 239.26
135.169 245.372
124.268 248.342
113.425 248.252
181.288 242.677
190.916 235.25
202.713 235.191
214.125 240.536
203.38 244.462
192.014 245.531
125.54 327.64
132.755 321.259
141.895 317.17
151.278 319.434
164.534 317.826
177.482 322.38
189.666 329.722
177.969 336.275
165.59 341.17
151.478 342.819
140.808 340.953
132.329 335.161
139.831 327.79
151.376 328.478
168.002 328.271
167.821 328.826
151.189 329.016
139.846 328.359
