117.282 197.913
129.389 187.792
145.183 182.993
161.308 183.366
176.566 186.684
230.831 190.109
242.001 187.144
253.343 187.509
264.585 190.71
272.9 198.387
206.878 226.327
209.853 249.535
213.013 273.255
215.802 296.691
187.769 305.085
199.378 309.442
211.535 311.297
220.387 309.362
228.613 305.253
139.869 228.144
152.104 222.003
166.703 222.965
175.8 231.984
164.088 234.931
150.996 234.043
227.409 232.011
235.709 223.72
248.16 222.355
257.086 229.642
248.216 234.591
237.281 234.708
166.007 334.641
180.184 331.487
194.447 329.277
208.971 332.218
217.874 329.339
226.827 329.783
235.122 331.243
228.734 343.288
220.256 352.624
208.459 356.142
192.654 354.815
177.756 346.737
190.464 339.43
208.063 341.266
219.968 338.061
220.435 338.165
208.7 340.765
190.429 339.666
