87.1519 191.455
97.5835 185.597
108.875 182.998
119.723 182.436
131.281 183.598
179.644 181.003
194.867 178.598
210.126 179.4
225.266 185.136
237.171 194.221
155.047 210.841
152.833 227.885
150.385 245.569
148.216 262.93
134.453 276.659
141.674 279.664
149.445 281.416
159.59 280.095
168.53 277.287
102.963 214.755
112.593 207.555
124.277 207.716
133.7 216.315
122.847 218.733
112.131 218.781
182.85 216.217
192.209 207.164
205.064 207.771
217.053 215.004
205.579 218.359
193.962 218.605
123.394 314.039
130.252 306.367
139.159 301.284
149.344 303.573
161.278 302.355
172.147 308.281
182.794 315.32
174.108 325.061
162.77 330.139
150.137 330.658
138.761 329.702
129.202 324.336
139.946 313.5
149.783 314.319
161.903 314.145
161.979 315.442
150.263 315.571
139.884 314.888
