92.8266 242.667
101.922 235.026
114.337 233.071
126.238 235.499
137.904 240.301
173.18 240.669
187.99 235.978
203.182 234.85
218.286 238.458
230.092 248.277
153.346 265.067
151.285 279.425
148.77 293.893
146.565 308.35
133.853 322.552
140.404 324.747
147.259 325.999
156.359 325.555
164.897 324.323
104.073 266.389
113.771 259.632
124.692 261.523
132.088 269.934
122.28 271.899
112.35 271.075
180.172 272.361
188.547 263.132
200.462 263.581
211.101 270.722
200.631 274.533
189.989 275.087
120.384 353.188
127.713 345.503
136.848 341.025
146.549 342.656
158.555 341.977
169.003 348.292
178.442 356.75
168.625 364.923
157.343 368.808
145.473 369.323
135.11 367.976
126.126 362.575
137.532 352.408
146.243 352.658
157.736 353.272
157.683 353.784
145.525 354.061
136.745 353.383
