153.097 120.728
166.121 114.23
181.035 112.293
196.154 114.117
209.81 120.11
252.475 125.95
259.927 123.59
267.875 123.016
275.694 124.18
281.644 128.413
230.749 159.487
233.533 175.774
236.715 190.68
239.793 205.61
216.037 224.663
224.624 227.085
234.451 228.067
241.419 227.892
246.798 226.544
169.63 155.338
180.702 149.65
193.175 150.753
200.54 161.585
189.46 164.004
178.206 161.642
245.818 166.418
255.84 158.427
266.56 158.222
273.017 166.118
265.422 170.878
255.647 170.136
200.151 258.067
210.455 252.3
222.124 247.315
234.283 248.033
242.22 248.305
249.632 252.216
252.477 258.956
247.559 266.143
240.003 268.657
232.306 268.44
220.915 267.715
210.445 263.84
222.115 257.354
233.965 256.909
241.431 258.047
241.958 258.822
234.128 257.996
222.212 258.319
