75.6979 173.503
81.2584 167.701
87.6779 166.477
93.6194 168.992
98.8386 172.404
125.658 165.665
138.52 159.364
153.154 157.197
167.089 159.688
178.388 168.246
112.032 199.813
105.796 211.849
99.3321 223.291
92.7789 235.292
91.8832 252.616
95.432 254.923
99.8534 255.165
107.288 254.908
114.99 253.416
83.1734 202.074
88.2771 195.341
96.3445 196.027
102.736 202.696
95.5537 204.77
88.3132 205.299
135.542 197.716
141.626 190.14
151.09 189.973
161.359 194.451
152.476 198.948
143.565 199.969
86.5738 281.567
87.693 275.628
92.5012 271.072
98.956 271.246
109.997 271.818
120.192 276.383
129.18 282.816
118.756 286.727
108.822 289.357
98.4356 290.757
93.0556 289.616
88.6337 285.898
93.8808 280.527
99.3378 280.378
110.68 280.935
109.93 280.489
99.0529 280.825
94.1279 279.688
