103.973 219.421
111.239 215.84
119.766 214.857
128.606 216.074
136.726 218.219
178.094 216.606
189.395 214.665
201.097 215.203
212.097 218.082
221.261 223.564
157.848 242.385
156.224 255.952
154.382 268.894
152.874 281.763
141.402 297.576
148.583 299.512
156.124 300.357
165.31 299.305
173.99 297.098
113.383 241.175
121.257 234.487
132.055 235.555
140.558 243.638
130.735 247.117
120.269 246.636
182.332 244.024
189.849 235.067
201.141 234.382
210.87 241.017
201.8 245.926
191.09 246.329
130.808 321.084
138.266 315.748
146.935 313.212
156.331 314.636
169.344 312.827
181.959 316.076
193.686 320.751
183.106 329.48
171.403 334.371
158.597 335.854
147.503 334.915
138.092 330.199
149.456 322.175
157.115 322.055
168.487 321.867
168.902 323.354
158.251 324.677
150.261 324.024
