75.8329 222.999
85.4035 216.459
97.2157 215.973
108.229 218.21
118.505 222.764
161.152 219.302
178.187 214.855
195.802 213.387
213.331 217.104
228.292 226.358
138.321 252.485
135.263 267.251
132.115 281.794
129.526 296.761
120.141 314.27
126.267 316.1
133.898 316.614
144.382 316.115
154.212 314.574
86.7405 252.597
95.3891 245.737
106.483 247.294
115.906 255.177
105.445 257.895
94.8233 257.867
170.676 254.115
179.984 244.825
193.118 245.567
205.077 253.224
193.543 257.342
181.62 257.757
110.864 346.95
117.484 338.345
125.966 334.083
135.359 335.731
149.638 333.465
163.171 338.343
174.958 348.314
163.688 355.051
150.861 359.333
136.883 360.386
126.667 358.993
117.845 354.638
125.838 345.875
135.621 346.1
151.094 345.722
151.723 346.037
135.956 345.766
125.813 346.145
