77.1105 156.956
83.0902 156.305
88.4636 159.167
93.3163 163.97
97.061 169.157
128.274 165.493
146.498 162.806
164.843 162.564
180.242 170.391
190.156 184.792
106.587 196.304
99.5897 208.945
92.2733 221.567
84.9107 234.114
81.9271 254.239
86.6221 255.352
91.4339 256.619
99.6241 257.779
108.745 259.403
77.1122 188.02
82.7867 182.315
90.7232 186.345
96.6554 196.15
88.591 196.127
80.6075 194.279
138.715 202.074
146.256 194.53
156.751 196.737
166.853 202.768
157.717 206.269
147.075 205.231
76.3187 284.176
77.7614 278.458
82.2636 275.635
87.4636 277.567
100.488 279.725
112.336 286.515
124.504 293.623
111.812 299.328
98.8154 301.496
85.7848 299.686
80.2736 296.387
77.1229 290.916
83.9073 286.225
87.8481 287.365
100.726 289.524
100.03 289.206
87.374 286.798
83.2305 285.023
