157.322 207.08
168.586 202.336
180.453 201.038
192.276 201.028
204.236 201.491
240.312 203.99
246.976 203.161
253.404 202.543
259.68 203.996
265.122 207.405
225.542 229.208
229.883 242.115
234.632 254.697
239.078 268.063
214.068 286.03
223.341 287.935
232.559 288.537
239.559 287.126
244.863 284.5
168.075 231.007
178.777 224.035
190.183 224.296
197.981 233.567
188.249 235.266
178.081 234.599
240.627 232.635
246.741 224.995
255.218 223.792
261.503 229.984
255.575 233.65
247.872 233.881
204.107 313.688
213.412 305.667
223.501 299.268
235.206 299.447
243.657 298.001
250.16 303.057
253.7 310.919
249.087 318.315
242.956 323.416
235.076 325.201
223.812 324.404
213.054 320.449
224.042 311.82
234.761 311.219
242.031 310.832
241.951 309.976
234.846 310.663
223.712 311.508
