123.72 208.157
133.271 194.453
148.37 186.025
165.633 183.569
182.79 185.369
220.121 182.515
232.094 177.71
244.467 176.412
255.945 180.668
263.362 190.348
207.72 209.311
211.696 224.281
216.133 239.012
220.49 253.735
201.314 275.233
209.848 274.482
218.377 273.464
224.598 272.611
230.637 272.275
147.118 226.33
156.528 217.899
167.843 215.394
178.135 221.193
168.744 225.606
157.977 226.677
226.213 217.191
234.917 210.222
245.366 209.452
254.118 216.417
245.721 219.077
236.181 218.737
186.248 311.671
195.916 302.336
206.595 294.466
219.722 293.373
229.262 291.593
237.589 297.382
242.72 306.206
237.411 314.132
229.703 317.767
221.047 318.958
208.437 319.305
196.233 317.22
207.894 306.114
220.633 303.989
227.849 304.043
227.784 305.559
220.753 306.203
207.59 307.339
