123.435 217.08
134.078 206.285
148.336 200.847
163.617 200.828
177.76 205.13
216.213 203.649
227.524 197.951
240.07 195.419
252.688 197.522
262.548 205.569
200.453 227.884
202.385 242.182
204.378 256.663
206.435 271.319
191.601 291.781
198.804 291.921
206.443 291.371
213.502 290.799
220.307 289.841
143.41 237.628
153.476 230.694
164.559 229.838
173.471 237.493
164.323 240.546
153.679 240.71
224.909 232.571
232.616 224.922
243.12 223.859
252.005 229.789
243.714 234.167
234.052 234.251
179.368 327.703
187.559 318.529
196.758 311.531
208.411 312.527
217.868 310.344
226.194 315.898
232.467 323.31
226.368 331.077
218.376 336.501
208.607 338.447
197.62 337.934
188.039 334.302
196.793 322.291
208.693 321.918
218.474 321.19
218.687 322.652
208.69 323.532
196.348 323.647
