87.2413 200.318
90.7475 194.493
96.4156 191.447
102.907 191.343
108.911 192.578
147.208 183.183
160.979 179.723
174.77 179.234
188.096 181.166
197.965 188.529
128.625 220.555
125.137 231.813
121.034 242.267
117.24 253.172
112.048 276.674
117.321 276.843
123.852 276.783
132.747 275.636
141.455 274.252
93.8103 227.563
98.5255 220.141
107.969 220.239
116.525 226.475
108.496 230.571
100.067 231.512
154.879 220.885
161.92 211.591
173.748 210.836
184.439 216.497
175.586 221.648
165.055 223.712
105.368 308.552
106.914 299.36
113.199 292.193
122.3 291.979
134.062 290.733
144.972 296.039
156.487 303.231
146.703 308.048
136.461 311.502
125.626 313.155
117.614 314.196
110.275 312.754
115.581 302.71
123.835 301.016
135.915 300.709
135.493 301.429
124.004 302.364
115.588 303.414
