79.0627 196.675
84.6909 192.339
90.3839 192.452
96.0892 195.269
100.035 200.373
125.793 196.922
139.964 191.759
155.916 190.149
169.691 195.748
180.165 204.889
110.264 223.341
104.645 234.013
98.7677 244.083
92.29 254.877
90.1582 273.997
94.6377 275.891
99.7073 277.224
107.088 277.571
115.612 277.069
85.2676 224.627
88.7349 217.906
95.6806 219.449
100.908 227.584
94.8086 228.972
88.8205 228.563
135.937 227.523
142.513 219.752
152.789 220.159
162.269 225.288
153.335 229.679
143.812 230.152
89.9864 304.747
88.324 297.356
91.0899 291.622
98.0255 291.891
109.283 293.607
119.393 300.58
129.397 307.137
120.771 312.382
110.466 314.377
99.9133 314.125
94.2874 312.145
90.6899 308.931
93.4705 303.219
99.3867 302.323
112.759 303.644
112.864 304.649
99.7914 303.78
94.1224 302.853
