66.6943 136.025
74.3817 128.71
85.3966 124.83
96.0526 125.64
106.453 129.731
141.071 123.405
158.804 118.911
177.159 118.097
194.051 123.821
208.259 133.067
123.016 152.758
118.592 169.161
113.913 185.481
109.678 201.521
103.05 223.426
108.549 224.617
114.75 225.221
124.579 225.059
134.274 224.303
79.7769 158.862
87.9055 151.988
98.3415 152.456
107.993 160.147
97.2827 161.967
87.6539 162.172
153.911 158.936
162.933 149.921
176.228 151.073
189.43 157.712
177.218 161.194
164.388 162.501
93.7794 258.638
97.1089 250.179
105.655 245.59
115.565 246.064
131.068 245.81
144.664 251
155.745 259.854
145.368 270.463
132.467 276.922
116.943 278.329
106.382 275.869
98.6484 269.307
106.931 260.017
116.523 260.517
132.795 260.019
131.117 260.874
115.489 261.601
106.085 260.419
