93.4664 207.545
101.751 199.525
113.828 196.683
125.84 198.274
136.758 203.099
171.89 198.872
187.655 194.42
203.876 193.714
218.928 199.501
229.125 211.325
151.761 224.831
149.054 237.739
145.978 250.462
142.892 263.136
129.271 285.105
136.051 287.149
143.369 287.563
152.838 287.888
161.64 287.33
101.912 233.144
110.897 226.406
120.819 227.09
128.783 234.141
119.828 236.281
110.353 236.096
180.096 234.18
189.444 227.189
200.184 227.749
209.791 233.964
199.652 236.973
189.538 236.726
115.379 322.049
120.017 309.956
129.033 301.968
140.457 302.851
153.927 303.265
164.449 312.048
173.074 323.688
163.172 331.803
152.25 337.213
139.72 338.708
129.163 337.719
119.972 331.936
130.343 317.801
139.576 316.877
152.829 318.891
152.377 319.066
139.261 318.769
130.343 318.445
