103.895 138.056
113.622 131.808
126.124 129.241
138.921 129.112
152.141 131.579
194.311 127.492
210.142 123.427
226.872 122.392
243.947 125
258.739 132.024
177.161 162.51
177.698 176.997
177.962 190.951
178.349 205.033
161.138 220.718
170.006 223.115
180.416 224.026
191.095 222.184
201.16 218.774
121.104 168.06
129.886 160.972
141.006 161.52
151.173 169.076
140.649 171.227
130.317 171.23
209.218 163.903
217.482 155.457
228.461 155.327
239.661 161.385
229.173 165.004
219.006 165.848
148.827 253.871
157.105 245.193
167.665 239.522
179.735 241.348
193.214 239.411
205.562 244.883
216.888 251.36
205.22 258.348
193.806 262.055
180.788 264.138
168.736 263.466
158.103 260.456
168.151 251.053
180.686 251.134
194.284 250.511
194.207 250.704
180.549 251.942
167.907 251.735
