183.198 258.911
195.247 250.919
208.815 246.771
223.386 247.066
237.198 251.287
259.09 255.067
263.172 251.624
267.435 250.284
272.666 250.311
276.885 254.279
249.485 281.98
255.502 296.007
261.396 309.502
267.204 323.353
244.498 342.69
252.285 343.55
259.264 343.531
261.837 342.677
264.622 340.646
198.917 279.177
208.858 274.11
218.483 273.17
224.205 283.619
216.493 286.041
206.35 284.68
253.948 283.722
260.976 276.011
269.148 275.329
271.675 283.509
267.266 287.109
260.372 286.704
229.096 374.085
237.346 367.35
246.668 361.394
258.344 360.187
263.476 359.252
266.839 364.154
265.561 372.618
264.725 378.993
260.731 383.644
255.029 385.338
245.024 384.662
235.83 381.009
245.619 371
256.281 370.919
260.783 370.313
260.434 370.4
255.859 371.172
245.601 371.392
