91.3785 198.304
97.439 192.595
106.645 192.408
116.263 195.137
124.857 199.754
171.371 198.863
187.83 195.126
204.351 193.586
220.721 196.698
233.432 205.824
148.459 228.31
145.799 242.684
142.867 257.349
140.575 272.242
130.187 291.549
136.743 293.708
144.554 295.216
155.295 294.59
165.038 292.741
101.277 232.928
109.488 226.081
119.675 227.713
128.359 235.719
118.671 238.083
109.019 237.66
182.805 235.742
191.115 227.491
202.573 227.81
214.441 234.845
203.51 239.22
192.47 239.956
119.338 325.211
124.672 314.609
134.287 309.152
144.699 312.438
159.57 310.503
172.497 316.995
185.243 325.901
173.243 334.046
159.662 338.573
145.465 339.878
135.343 338.231
126.694 333.193
134.351 321.601
144.741 321.515
161.099 321.799
161.458 323.923
145.244 324.13
134.538 323.899
