101.021 207.133
109.72 201.648
119.974 199.795
130.247 200.37
139.9 203.009
171.029 199.36
183.415 195.603
197.049 193.727
210.757 194.529
222.262 200.325
156.675 224.566
155.464 237.2
153.847 249.595
152.745 261.774
142.547 278.973
148.292 279.277
154.743 279.45
162.874 278.831
170.641 278.29
111.722 230.617
118.662 223.371
129.345 224.062
138.508 231.133
129.067 235.259
119.072 235.63
181.882 228.802
188.541 219.259
200.239 218.454
210.763 224.778
202.061 230.11
191.365 231.18
133.708 308.739
139.824 303.432
146.829 300.066
154.185 300.943
165.197 299.995
175.613 303.908
186.203 308.236
177.299 314.193
167.158 317.644
156.133 318.791
147.244 318.125
139.711 314.932
147.84 307.569
154.468 307.982
165.188 307.364
165.439 308.042
155.002 309.008
147.747 308.316
