158.273 207.805
169.555 201.367
182.717 198.314
196.438 198.779
209.378 202.25
242.981 201.375
250.34 195.831
258.316 192.526
266.996 192.076
274.353 195.523
228.344 226.639
233.002 239.517
237.864 252.517
242.466 265.213
221.16 283.942
229.781 285.87
238.608 286.036
245.257 284.754
250.815 282.06
172.495 228.324
183.045 223.223
193.115 222.198
200.983 229.004
192.761 232.523
182.437 232.656
244.444 225.905
251.464 219.211
260.036 217.632
267.598 221.774
261.91 227.182
252.895 227.903
206.364 312.045
217.636 306.231
228.563 301.485
240.84 301.556
248.045 299.316
254.638 301.943
258.171 307.619
255.174 316.04
249.853 321.476
242.342 323.444
229.965 323.261
217.965 319.14
229.104 310.727
240.847 310.091
247.808 309.111
247.823 309.795
241.105 310.882
229.716 311.199
