135.433 194.95
147.354 187.37
160.799 183.991
174.11 184.248
186.902 187.772
216.512 190.732
226.668 187.189
237.766 185.715
249.009 186.977
257.566 193.583
203.989 204.349
205.864 219.324
208.192 234.788
210.083 250.06
189.97 265.759
198.832 267.989
208.146 268.792
214.841 267.148
220.387 263.932
149.357 211.907
158.102 204.173
169.3 203.532
178.388 210.621
169.118 213.247
158.707 213.721
219.749 211.627
228.442 204.743
238.96 203.853
247.006 211.178
238.281 214.81
228.576 214.212
176.95 297.402
185.925 288.457
196.857 282.563
209.207 283.677
218.286 281.363
226.825 285.15
230.751 293.165
226.545 303.38
218.863 310.753
208.389 314.007
195.763 313.475
184.439 307.252
193.366 291.876
208.276 292.322
218.872 291.094
219.079 297.28
207.727 300.09
193.426 299.202
