80.3499 129.913
88.9253 125.67
98.5199 125.353
107.306 127.568
115.579 131.485
146.943 128.179
162.332 123.071
179.059 122.388
195.272 127.422
208.371 137.847
129.873 159.487
125.84 174.43
121.431 189.028
117.188 203.348
106.377 220.433
112.925 222.879
120.139 223.87
130.234 223.602
140.392 222.448
89.6593 162.883
96.6593 156.976
105.224 157.77
112.208 165.026
104.429 166.761
96.0505 166.65
159.349 164.99
167.755 158.149
178.514 159.38
189.266 165.409
178.546 168.587
168.132 168.363
99.6376 253.341
104.342 246.589
112.468 243.473
120.474 245.59
134.269 244.984
147.226 249.967
159.813 256.122
147.426 263.153
133.738 266.763
120.774 265.949
112.324 264.777
105.11 260.53
113.368 253.128
121.163 253.771
135.942 254.097
134.944 254.524
120.934 254.379
112.89 253.527
