86.1252 172.362
90.2291 169.965
95.2061 170.106
100.297 173.288
104.197 177.997
128.654 171.768
142.188 164.424
157.089 161.328
171.442 165.033
183.294 173.36
113.267 199.853
106.76 214.021
99.8087 227.424
92.7389 241.23
96.4811 260.14
100.837 261.852
106.538 262.179
113.88 261.647
122.737 260.76
91.991 205.438
95.4023 198.274
103.462 198.969
111.288 206.34
103.666 210.558
96.2368 210.783
138.441 204.425
144.295 193.22
155.375 193.478
166.229 199.861
157.021 205.499
146.774 207.117
97.0153 294.273
96.9724 289.624
100.504 285.221
106.463 285.67
119.694 285.606
132.799 289.345
145.031 293.454
134.623 302.456
122.509 307.582
109.145 309.562
102.346 307.464
98.5841 301.616
103.643 294.326
109.17 294.823
123.162 294.032
122.461 296.037
108.766 296.415
103.584 296.037
