130.518 195.733
141.53 189.321
154.538 186.243
167.558 187.132
180.139 191.141
214.758 190.613
223.905 186.759
233.965 184.611
244.291 186.596
252.128 192.688
198.178 212.806
200.815 226.869
203.822 241.282
206.754 255.465
187.637 270.37
195.799 271.755
204.79 272.446
212.051 270.924
218.638 268.586
145.848 216.032
154.92 208.493
166.342 208.117
174.405 217.353
164.742 219.899
154.853 219.68
215.994 216.326
223.126 207.942
233.486 206.531
241.81 213.357
234.416 218.014
224.877 218.391
173.037 300.573
182.007 291.752
193.502 286.924
205.651 287.311
214.85 285.537
223.559 289.109
229.315 296.955
223.169 305.609
215.059 311.156
205.872 312.857
194.133 312.047
182.683 307.843
193.417 297.139
205.556 296.42
214.807 295.803
214.588 296.998
205.247 298.398
193.106 298.204
