104.492 185.118
112.645 176.883
123.516 172.776
135.231 171.131
146.797 172.922
199.083 169.002
211.012 165.151
223.831 164.213
235.846 167.632
245.24 175.393
177.696 200.019
178.952 212.343
180.079 224.412
181.079 236.265
165.136 257.776
173.177 257.402
182.348 257.201
191.967 256.274
200.718 256.082
121.117 210.385
130.388 201.813
142.32 201.239
152.744 209.779
142.157 213.167
131.417 213.743
204.337 203.007
212.278 193.675
223.89 192.827
235.039 199.802
224.851 204.109
214.41 204.972
155.579 290.576
161.668 280.016
170.903 272.918
181.784 273.57
193.765 272.543
204.645 278.755
214.07 287.033
205.035 293.535
195.061 298.614
183.543 300.806
173.228 300.324
163.79 296.514
170.914 286.037
182.255 284.372
196.187 284.352
195.891 284.342
182.418 285.343
170.979 286.371
