76.8322 177.269
81.0119 172.165
86.6803 171.735
91.9014 172.969
96.5572 176.147
124.166 165.685
138.11 159.221
152.949 157.212
166.721 162.196
178.087 171.638
114.889 208.012
112.26 220.18
108.984 232.072
105.527 244.356
102.088 263.833
106.342 266.265
111.888 267.191
121.529 265.971
129.931 264.215
83.0001 208.079
88.8706 202.064
96.7624 203.596
104.213 210.022
96.3033 211.487
88.2448 211.525
139.458 206.038
145.354 196.604
155.331 196.716
164.613 200.821
157.096 204.874
147.949 206.771
100.066 294.195
100.43 287.621
105.335 283.327
110.919 284.052
123.188 284.133
134.491 290.01
144.786 295.354
135.802 302.284
125.328 305.91
113.374 306.982
106.884 305.763
101.819 301.744
106.935 293.492
111.976 293.77
124.416 293.639
123.217 294.93
111.204 294.76
106.355 294.411
