84.7013 156.079
88.1682 149.995
92.66 148.864
98.0449 150.976
103.119 154.993
127.387 147.238
142.565 141.82
158.541 140.764
172.827 146.096
182.509 157.146
115.357 180.629
109.511 194.021
102.88 206.305
96.1804 219.652
97.9222 234.514
100.936 236.822
105.099 238.236
112.063 238.286
119.635 237.643
92.5718 182.645
95.4854 176.18
104.118 177.238
110.701 184.286
103.37 186.488
96.5561 186.231
140.746 181.559
147.089 172.232
157.968 173.67
168.672 177.962
159.093 182.502
148.966 183.81
100.797 268.785
96.9317 263.534
100.193 258.611
105.788 259.568
119.172 259.249
132.226 263.043
143.88 269.75
134.027 277.465
121.981 281.753
109.364 283.545
103.559 281.523
100.541 276.005
103.868 268.802
108.084 269.868
122.781 269.08
122.178 269.902
108.663 269.433
104.905 269.3
