92.3939 159.721
100.019 155.74
108.862 155.582
116.962 158.123
124.311 162.505
158.542 161.292
173.128 158.481
187.968 158.991
202.365 163.812
213.704 172.807
137.275 184.604
132.716 198.753
127.698 212.487
123.386 226.016
115.334 244.413
120.255 246.49
126.551 247.608
134.979 247.511
143.396 246.221
98.4476 185.252
106.27 179.11
115.457 180.688
122.548 189.297
113.742 191.301
104.741 190.278
165.238 191.907
173.865 183.839
185.217 185.09
194.739 192.31
185.218 195.928
174.442 195.529
105.391 275.313
108.213 266.006
115.948 261.874
124.789 263.531
138.765 264.745
150.688 271.51
161.768 280.299
150.301 287.689
137.57 290.767
125.069 290.688
115.775 288.747
108.555 283.909
117.522 274.702
124.323 275.113
138.624 276.26
138.153 277.654
125.093 276.959
117.967 276.126
