101.781 218.101
110.654 205.825
124.584 199.589
140.261 200.123
155.624 203.382
199.44 203.511
213.888 200.888
228.824 200.994
241.449 206.925
248.966 218.504
178.509 227.764
179.067 241.542
179.889 255.68
180.686 269.542
162.456 288.384
170.827 288.718
179.673 288.72
188.341 288.05
196.154 286.903
122.293 236.062
131.542 230.439
141.821 229.54
151.731 234.05
142.022 236.24
131.964 237.081
202.758 233.279
212.567 228.963
222.533 229.422
231.431 234.545
222.07 236.101
212.308 235.235
147.231 323.731
158.702 316.688
169.106 310.204
180.535 311.477
190.67 309.049
200.273 313.272
209.669 319.423
200.736 326.095
191.508 330.323
180.951 331.615
168.796 331.838
157.122 329.213
167.266 319.947
180.626 319.273
192.348 318.266
191.956 319.982
180.685 321.081
167.404 321.258
