151.096 161.249
160.46 151.419
173.854 146.688
188.316 145.953
202.289 148.926
244.672 149.587
251.68 146.927
258.765 145.591
265.903 147.366
271.334 152.833
227.069 178.376
232.711 194.311
239.138 210.221
245.233 226.323
220.924 241.491
230.492 244.124
240.421 244.28
246.796 242.607
251.695 239.495
167.234 182.357
177.352 176.178
188.863 175.211
197.648 182.969
187.942 186.959
176.539 187.07
240.767 182.36
248.692 174.3
258.291 172.281
266.442 177.472
260.709 184.137
250.661 184.765
205.335 271.678
216.786 265.967
228.173 260.944
240.684 260.9
247.059 259.894
253.03 263.023
256.792 269.57
253.334 276.938
247.807 280.713
240.846 281.941
228.757 281.699
216.881 278.384
228.034 271.488
241.11 271.009
246.427 270.327
246.447 269.761
241.144 270.077
228.775 271.214
