181.219 237.296
191.421 228.638
204.528 225.64
217.663 226.342
230.639 229.901
259.092 232.508
264.708 228.938
271.058 227.7
276.18 228.508
280.529 232.448
246.505 264.688
252.208 281.628
258.684 298.641
264.303 316.392
236.57 328.313
244.907 329.258
252.85 330.164
258.276 329.28
261.699 327.912
188.711 262.763
200.976 257.003
212.192 255.54
218.485 264.91
209.298 268.318
198.5 267.038
254.064 266.118
261.796 258.607
270.788 256.479
273.146 262.84
270.964 268.764
262.954 268.357
215.189 359.173
227.378 353.594
239.549 350.343
250.807 350.165
255.575 349.548
259.187 351.889
257.688 356.273
256.682 363.759
253.506 370.382
246.669 373.295
234.497 372.358
223.415 367.177
235.973 356.821
248.043 357.899
252.253 356.614
251.918 362.45
246.976 364.14
235.157 363.493
