104 220.053
114.37 210.662
128.883 207.551
143.423 208.509
156.903 213.209
196.526 213.88
210.876 210.509
226.048 210.073
240.503 214.385
251.17 224.685
177.624 240.084
176.704 255.878
175.674 271.558
174.761 287.583
154.505 299.461
164.02 301.734
174.04 303.103
184.254 302.431
193.397 300.659
119.705 242.361
130.877 237.055
142.615 237.961
152.146 245.147
141.243 247.18
129.794 246.303
202.31 247.299
212.191 240.215
223.735 240.477
234.144 246.898
223.593 250.168
212.49 249.711
135.712 328.48
147.681 324.755
159.951 321.3
172.301 323.509
184.307 321.899
195.716 326.893
207.867 330.583
196.565 339.762
184.811 346.2
170.899 347.759
156.955 345.289
145.517 338.054
155.477 330.095
172.193 331.944
187.448 331.665
187.18 334.175
171.827 334.625
155.404 332.554
