102.771 218.999
114.093 211.373
127.646 209.273
141.146 210.39
153.985 215.342
202.217 216.155
214.82 210.836
228.702 209.287
242.613 211.54
253.681 220.252
178.693 243.052
179.624 260.243
180.828 277.353
182.066 294.824
162.032 306.948
171.603 308.586
181.831 309.099
191.375 307.83
200.14 305.605
117.411 246.276
128.396 240.414
140.114 240.501
149.716 247.923
139.31 250.362
128.119 250.531
206.049 248.594
214.883 240.977
226.356 240.04
237.246 245.219
227.323 249.889
216.611 250.157
147.601 338.189
157.436 329.954
169.078 325.845
181.187 327.12
192.676 325.364
203.614 329.435
212.67 336.596
205.068 348.354
194.757 357.036
181.493 358.876
167.489 357.829
155.436 349.848
168.185 338.386
180.952 338.982
192.876 338.34
192.949 338.708
181.462 340.685
168.527 339.173
