87.6028 144.629
92.6695 139.605
99.9466 141.122
106.584 145.263
112.448 150.125
149.135 149.17
165.562 144.414
182.652 144.505
198.5 149.473
210.663 160.995
127.969 181.769
122.497 196.481
116.3 210.64
109.986 225.224
104.239 247.071
109.499 250.135
115.567 251.682
126.043 250.953
136.159 249.601
89.3503 182.89
96.0494 174.789
106.508 176.137
114.554 185.872
104.84 187.955
95.6093 187.752
158.716 188.018
168.341 180.006
181.012 180.947
192.836 187.838
180.735 192.708
168.707 192.343
95.311 282.947
98.1362 275.233
105.311 270.509
113.894 272.651
128.406 272.708
141.586 280.008
154.097 287.675
141.101 293.27
127.381 296.325
114.415 295.616
105.867 294.424
98.7087 290.178
106.289 282.065
114.426 282.936
130.269 283.799
129.896 282.95
114.617 282.061
106.122 281.416
