111.498 216.417
124.037 211.221
138.078 210.7
151.853 213.739
164.57 219.738
194.956 219.247
207.706 213.6
221.315 210.535
234.646 212.027
246.351 218.728
179.834 236.568
180.113 250.481
180.268 263.85
180.462 277.891
165.18 292.941
172.217 293.834
179.968 294.272
187.845 294.017
195.138 293.166
125.779 241.873
135.832 237.854
146.708 238.341
155.711 244.387
145.583 247.12
135.115 246.488
203.954 244.459
212.683 237.825
223.641 237.538
233.689 242.281
224.548 246.64
213.832 247.06
154.319 324.147
162.103 316.783
170.388 309.474
180.437 310.515
191.165 309.139
199.997 316.161
208.061 323.512
200.632 331.616
191.193 336.196
180.675 337.503
170.583 336.756
161.238 332.55
169.172 321.719
180.524 320.801
192.336 321.253
191.991 322.076
180.507 322.023
169.884 322.461
