86.5372 173.101
90.5651 168.843
95.2449 167.867
99.7037 168.616
103.518 170.293
129.425 164.712
141.898 160.753
155.131 159.731
168.168 162.375
179.847 168.601
117.881 196.64
112.553 209.725
107.218 221.693
102.204 234.614
100.703 250.248
105.277 252.319
110.415 252.754
119.061 251.87
127.747 250.297
91.1 202.262
94.3272 196.053
102.353 196.957
109.467 203.49
102.637 205.895
95.2322 206.379
142.539 200.352
148.469 191.692
157.882 192.079
168.144 196.01
160.006 201
150.987 202.714
97.6445 279.132
97.3163 272.893
101.693 268.216
107.422 269.574
118.644 268.747
128.491 273.438
137.029 279.985
129.242 286.717
119.676 290.123
109.448 291.207
104.156 289.718
99.4548 285.535
104.5 279.632
108.961 279.82
120.989 278.414
120.203 278.752
109.231 278.898
104.681 277.993
