97.7125 212.195
106.934 205.708
118.193 203.09
129.454 203.867
140.043 207.786
174.622 204.032
188.974 199.878
204.112 200.549
218.205 205.696
229.873 213.94
155.255 225.527
153.216 237.07
150.723 248.779
148.417 261.048
136.49 280.007
142.851 281.821
150.065 282.618
159.196 281.956
167.984 280.267
111.757 234.639
118.904 227.96
128.879 227.89
136.896 234.353
128.567 237.676
119.2 237.909
183.01 233.139
191.472 225.592
202.29 225.922
211.502 232.183
201.999 235.531
192.106 235.665
127.286 311.352
132.647 302.867
140.914 297.543
150.414 299.086
161.929 297.809
172.124 302.467
180.863 310.259
171.236 315.204
161.355 317.541
150.835 317.599
142.6 317.2
134.814 315.401
142.042 307.005
150.798 307.625
162.409 307.184
162.331 308.095
150.748 307.786
141.455 307.983
