124.645 200.072
138.221 193.139
153.746 190.424
169.088 190.98
184.219 194.21
230.754 193.843
240.701 189.479
251.744 187.658
263.028 189.127
272.486 194.942
208.896 212.784
211.448 228.562
214.681 244.305
217.771 260.219
191.931 279.516
202.184 280.313
212.85 280.285
221.09 279.208
228.172 277.153
139.836 222.476
150.309 213.408
162.832 211.846
172.675 219.95
162.523 224.001
151.248 224.184
232.826 220.227
241.694 212.559
253.039 211.269
260.683 219.519
252.924 223.266
242.834 222.617
173.506 316.314
186.495 308.491
199.516 301.64
213.536 303.055
222.894 300.132
231.678 304.309
238.355 311.089
232.979 322.203
223.875 330.193
211.905 332.351
197.571 331.853
184.318 325.815
197.461 314.059
213.515 314.028
222.956 312.68
222.88 315.304
212.442 317.099
196.733 316.989
