91.0708 171.424
97.2853 167.681
105.359 168.539
113.129 170.896
119.173 175.094
150.402 175.444
164.142 170.264
178.901 168.581
193.109 171.032
204.46 178.185
133.981 203.139
129.86 216.718
125.059 229.903
120.43 243.305
112.676 259.775
118.298 262.092
125.026 263.114
134.31 262.644
143.369 261.909
95.9572 205.042
102.793 197.868
112.942 199.916
120.844 208.618
111.508 211.515
101.675 211.373
158.574 208.676
166.062 199.205
178.064 198.768
189.84 204.963
179.228 211.344
168.154 212.181
107.756 289.333
111.386 283.228
117.751 279.677
124.794 280.984
135.392 280.996
145.127 285.929
155.522 290.994
145.357 296.792
135.027 300.122
124.744 300.395
117.798 299.56
111.695 295.661
116.528 289.27
124.299 290.297
136.579 289.916
136.08 289.371
124.367 289.072
116.819 288.802
