111.713 204.363
122.841 194.199
137.718 189.381
153.383 189.338
168.167 193.948
194.404 193.421
208.042 188.609
222.194 188.673
236.153 192.527
247.176 201.014
182.902 216.909
183.53 230.683
184.171 244.822
184.738 258.399
169.169 273.732
176.441 274.357
184.764 274.781
192.407 274.138
199.462 273.351
126.745 224.588
135.22 217.554
146.329 216.897
156.39 223.643
146.423 226.773
136.078 227.486
206.148 223.085
215.291 216.369
226.12 216.236
235.228 223.267
225.836 226.432
215.657 226.218
155.675 306.006
164.069 298.599
174.189 294.222
184.975 295.609
195.387 294.164
204.814 298.139
213.414 304.784
205.808 311.76
196.483 315.68
186.111 316.834
174.797 316.322
164.287 313.037
173.768 303.524
185.375 303.756
196.415 303.431
196.582 304.556
185.728 305.053
173.768 304.917
