99.3689 201.379
111.143 192.311
125.694 186.083
141.708 185.009
156.599 188.298
202.063 188.541
217.735 185.389
233.392 185.347
247.973 191.063
259.057 199.553
180.618 219.043
181.307 237.29
182.01 255.27
182.928 273.356
166.174 290.679
173.509 292.217
181.538 292.461
189.345 292.299
195.933 290.432
116.99 228.523
127.136 221.179
140.141 221.11
149.528 229.845
139.096 233.337
127.671 232.858
209.815 228.961
219.055 220.398
231.402 219.883
241.284 226.808
231.796 231.512
220.566 231.977
146.075 327.392
155.805 318.401
167.469 311.791
180.907 312.287
193.084 311.664
204.23 317.811
212.573 328.025
204.287 338.178
193.417 344.006
180.379 344.97
166.791 344.046
154.94 338.431
164.892 326.156
180.9 325.703
195.545 326.137
195.731 327.1
180.706 328.309
164.8 327.363
