177.256 224.675
187.923 216.102
201.563 212.377
215.71 212.912
229.241 217.212
254.02 222.916
260.088 219.871
266.485 218.317
271.608 219.288
276.953 223.464
242.828 248.026
247.39 261.338
253.052 273.667
258.824 286.068
237.304 308.873
244.261 307.707
251.023 307.137
254.334 307.449
257.317 308.68
192.08 247.342
201.605 241.732
211.526 241.43
218.68 250.626
210.456 252.726
200.564 251.764
250.65 252.384
256.595 245.079
264.945 244.107
270.185 251.404
265.474 253.825
257.964 254.05
219.49 338.62
228.826 330.209
239.059 322.282
252.292 322.265
260.271 322.742
265.138 330.774
263.282 340.779
261.936 347.481
256.917 350.645
250.482 351.451
239.154 349.978
228.499 345.736
235.119 334.527
250.268 335.489
257.323 336.219
257.642 338.247
251.12 338.275
236.26 336.873
