178.693 218.665
190.315 208.742
205.28 204.688
220.633 205.618
235.203 209.519
263.997 216.873
266.591 212.942
271.125 211.157
276.501 212.945
280.812 218.184
255.138 240.901
262.322 254.259
270.114 266.558
277.135 280.162
250.001 301.548
257.527 302.583
264.324 302.708
269.505 301.838
273.935 299.436
195.384 236.568
206.196 231.594
216.37 230.328
223.448 240.943
214.531 243.669
204.686 242.735
256.389 243.325
263.334 235.66
271.168 234.447
275.064 240.805
270.919 246.665
263.445 247.392
234.93 335.578
244.897 329.838
256.018 324.137
267.721 324.87
272.732 323.544
274.556 328.003
272.662 334.701
274.765 341.742
271.325 346.332
266.306 347.207
255.416 346.125
244.416 342.764
251.968 332.834
265.278 333.323
270.471 333.375
271.118 334.91
266.004 335.306
252.854 335.329
