104.784 185.654
114.964 178.03
127.889 176.486
140.15 177.933
152.421 180.581
202.931 177.908
216.311 173.604
230.117 170.956
244.529 172.431
254.214 181.896
177.83 209.24
178.335 222.856
178.781 236.379
179.25 249.816
163.373 266.229
171.175 267.728
179.996 267.848
188.802 266.928
197.368 265.009
121.899 213.883
131.313 208.469
142.002 208.512
150.912 215.301
141.209 217.47
130.85 217.409
207.782 212.863
216.074 205.438
227.225 204.734
237.759 209.102
228.414 214.027
217.448 214.989
149.994 292.659
159.399 287.518
169.265 284.146
179.68 285.804
190.777 284.241
201.634 287.624
212.865 291.544
203.477 299.249
192.449 303.216
180.091 303.363
168.214 303.72
157.74 300.759
167.571 292.32
179.636 292.466
193.018 292.212
192.948 293.51
179.607 293.37
167.516 293.722
