83.4135 148.157
87.958 146.771
91.6725 147.464
95.6714 148.989
99.6246 151.27
127.317 144.293
137.972 140.153
149.916 139.071
162.557 138.31
175.163 141.618
112.084 165.994
107.229 179.583
102.676 192.355
97.8842 206.391
100.435 222.739
102.457 223.637
106.181 223.76
113.385 223.358
120.818 222.655
87.8792 174.793
89.8588 167.432
97.183 168.597
104.331 176.669
98.2458 178.453
91.4556 179.028
139.261 171.627
144.638 162.5
154.47 162.089
163.802 166.464
156.24 172.328
146.811 174.19
98.1252 254.378
96.1793 245.962
100.259 240.07
107.247 238.576
121.345 239.192
134.057 243.309
145.195 249.978
136.165 258.368
125.473 264.974
113.388 268.1
105.435 266.485
100.393 261.412
103.399 251.177
110.206 250.779
126.056 249.077
126.138 252.716
111.037 255.356
103.549 254.009
