165.29 262.859
177.122 251.064
193.425 245.945
210.977 245.798
227.599 248.187
263.564 248.126
269.374 244.446
275.582 241.688
281.88 240.665
287.321 241.852
250.236 280.261
256.033 294.165
262.114 308.467
267.627 323.003
245.511 344.079
253 345.247
260.525 345.109
265.619 343.393
269.425 340.136
188.532 283.596
198.785 277.547
209.774 275.253
217.578 282.878
209.22 287.735
198.254 287.591
263.383 279.52
270.093 270.542
279.052 267.14
283.567 273.148
280.446 280.291
271.566 281.354
227.448 378.519
237.543 371.715
248.769 365.983
261.7 365.263
267.204 363.311
272.523 366.452
275.516 371.291
274.838 379.241
270.332 385.997
263.232 390.337
250.527 391.248
237.909 387.493
247.733 374.617
261.155 372.661
267.766 371.776
269.373 374.32
262.262 376.442
248.589 378.126
