113.773 221.506
122.096 213.636
133.487 210.639
145.168 210.892
156.538 213.691
199.146 210.277
212.024 205.756
226.247 204.261
240.286 207.852
249.732 218.117
178.763 239.008
178.837 253.321
178.606 266.862
178.678 280.599
162.8 294.136
171.431 295.688
179.984 295.873
189.616 294.326
198.737 291.381
130.326 243.033
138.475 237.899
148.529 237.674
156.528 243.067
147.717 245.818
138.419 245.672
205.45 241.064
212.372 234.144
222.899 233.569
232.041 238.439
223.31 242.582
213.983 243.298
151.216 321.745
160.095 317.591
170.369 314.56
181.149 315.557
193.192 313.738
205.016 316.01
216.691 319.076
206.852 328.212
195.822 334.296
182.812 336.398
170.258 335.179
160.195 329.823
168.369 322.312
181.71 322.567
196.992 321.099
196.831 322.909
182.189 324.285
169.035 323.562
