136.851 229.401
148.36 220.84
162.665 217.531
177.187 216.971
191.383 217.87
238.212 218.275
248.29 216.25
258.273 215.393
268.049 217.171
277.131 220.568
219.364 242.07
223.044 256.266
226.991 270.382
230.492 284.861
208.376 309.786
217.206 310.674
226.177 310.432
233.279 309.842
238.912 308.652
154.289 249.257
166.046 243.117
177.571 242.622
187.379 249.476
177.232 252.592
166.141 252.232
239.56 247.626
249.404 240.718
259.281 240.864
268.121 246.244
259.758 248.766
250.313 249.546
193.854 347.687
204.275 337.638
215.738 328.632
229.884 329.38
240.565 327.614
248.667 335.081
252.527 345.016
246.929 353.398
238.266 358.402
228.398 360.038
215.531 359.24
203.524 355.298
214.323 342.713
229.289 341.692
239.425 341.856
239.12 343.433
228.963 343.124
214.422 344.494
