151.585 167.713
163.693 159.812
178.241 156.435
192.959 158.368
207.075 163.235
241.067 166.808
249.38 161.661
257.914 158.906
266.731 160.45
272.522 166.574
226.659 191.595
230.55 206.443
235.205 220.667
239.526 234.624
216.079 253.871
225.488 255.626
234.555 255.781
240.181 254.996
244.974 252.713
165.389 194.454
177.761 188.131
188.67 188.101
196.402 196.824
187.263 200.204
176.311 199.557
242.407 196.653
250.325 189.302
259.287 187.564
266.712 193.296
261.058 198.543
251.769 198.151
204.095 287.609
213.065 279.194
222.939 272.639
234.525 273.482
241.513 272.155
246.845 277.904
249.673 286.269
245.942 292.795
240.142 296.106
233.37 296.789
222.535 296.425
212.346 293.622
222.127 283.574
233.544 283.162
240.34 283.477
240.021 283.716
233.528 284.405
222.283 284.469
