185.423 203.295
196.17 194.162
209.812 191.44
224.149 192.683
238.079 196.101
253.612 198.628
257.978 196.179
263.009 194.421
267.988 194.668
272.322 197.636
245.667 217.683
251.759 230.584
258.187 243.643
264.515 256.693
241.89 272.304
248.938 273.469
254.889 273.869
258.97 272.836
261.816 270.932
197.366 217.664
207.707 212.858
217.748 212.887
223.619 222.423
215.132 223.65
205.307 222.537
250.451 221.958
255.279 214.4
262.478 213.236
266.789 220.108
262.451 223.388
256.132 224.006
223.202 305.179
233.847 299.501
244.279 294.272
255.851 294.651
260.692 293.746
263.565 296.88
262.242 304.755
261.037 309.797
259.276 313.411
254.137 315.589
243.268 315.325
233.229 311.106
241.91 302.934
253.748 302.396
259.706 302.401
259.376 304.837
253.922 305.634
242.315 305.468
