122.426 176.873
133.968 167.647
148.091 162.771
162.928 163.607
176.676 168.853
230.254 172.796
239.427 168.859
249.767 168.122
259.205 171.428
266.137 178.111
204.235 202.56
205.679 216.417
207.542 230.666
209.27 245.095
188.641 264.123
196.792 266.254
205.847 267.454
213.591 266.412
220.491 264.236
141.556 202.796
152.611 197.043
163.782 196.916
172.158 204.417
162.159 207.721
151.434 207.149
229.463 207.702
239.625 201.244
249.746 200.349
257.395 206.973
249.008 211.024
239.227 210.191
169.302 297.643
181.608 291.88
193.768 286.315
206.975 287.643
216.587 286.612
224.885 292.074
230.499 299.266
224.624 307.712
216.56 312.973
206.565 313.949
192.997 312.544
180.467 307.053
193.129 297.517
206.871 297.616
216.176 298.11
216.289 299.038
206.704 299.081
192.635 298.668
