173.004 158.273
187.899 150.589
204.85 148.844
221.301 151.558
236.402 158.315
263.245 163.141
269.381 159.785
276.239 156.995
283.758 155.972
289.8 159.934
252.725 183.624
259.658 198.212
267.486 213.446
274.761 228.975
244.765 246.434
254.873 248.006
263.967 248.689
269.736 247.287
274.096 244.571
192.639 184.243
203.281 179.952
213.344 179.032
218.703 186.807
211.697 190.467
201.207 189.332
259.647 187.592
267.796 182.584
276.869 181.35
279.377 188.824
275.763 193.867
267.616 192.426
221.216 278.112
234.147 273.453
246.818 269.373
259.672 270.964
264.182 269.716
267.638 273.519
267.091 279.783
266.683 286.052
263.426 291.45
257.332 293.815
243.903 292.55
231.259 287.482
243.438 277.538
257.253 277.879
261.042 277.96
260.86 280.166
256.899 281.269
243.377 280.596
