88.8423 155.429
92.6949 151.26
97.3185 149.192
101.305 149.552
103.903 151.994
134.705 145.402
147.733 142.407
161.677 143.135
174.644 147.74
184.126 156.512
119.559 185.343
113.289 198.954
106.679 212.002
100.439 225.098
99.914 245.374
103.328 247.386
107.682 248.323
116.508 248.361
125.774 246.488
91.8791 187.386
96.1055 180.045
104.27 180.752
111.512 189.042
104.016 189.933
96.6883 189.782
142.91 184.197
150.846 176.14
159.994 177.312
168.584 182.304
160.026 185.363
150.763 185.857
94.0559 278.428
93.1309 269.704
98.877 264.954
105.548 266.958
118.477 267.741
129.988 273.614
139.644 280.58
129.752 287.435
118.109 291.793
106.057 292.894
99.7056 290.55
94.4747 286.156
100.413 278.047
106.614 279.211
119.451 279.032
118.619 279.678
106.577 279.426
101.285 278.164
