95.7861 240.961
103.028 231.824
114.44 227.571
126.387 227.199
137.31 231.289
177.842 229.068
191.029 226.025
205.121 226.37
218.212 230.885
228.106 240.378
157.696 257.66
156.815 273.237
155.831 288.515
155.171 304.026
143.1 315.673
150.351 317.514
157.922 318.359
166.719 317.24
175.114 314.8
111.703 261.603
119.969 254.89
129.681 254.633
137.904 261.404
129.232 263.792
120.097 263.963
181.466 259.935
190.218 253.253
200.541 253.986
209.269 259.543
200.384 262.51
190.746 262.421
134.137 340.919
140.341 334.922
148.632 331.018
157.85 332.229
168.856 330.981
179.399 334.541
188.883 339.511
179.692 346.246
170.232 351.13
159.421 352.57
149.902 351.812
141.412 347.473
149.371 340.187
158.264 340.115
170.12 339.863
170.176 340.731
158.961 341.277
150.341 341.12
