156.188 172.429
167.76 166.786
181.359 165.229
194.85 166.685
207.214 172.047
243.666 177.029
250.543 172.774
257.926 170.567
265.782 170.063
272.868 172.205
229.438 198.457
233.195 211.068
237.501 223.255
241.353 235.218
218.298 253.795
227.537 254.948
236.714 255.571
242.677 254.654
247.412 253.085
171.872 199.499
183.179 193.387
194.024 193.473
201.47 201.359
192.364 204.525
181.757 203.302
243.528 203.394
251.978 195.735
261.044 195.069
266.962 201.302
261.333 205.579
252.372 205.537
202.516 285.307
212.866 277.568
224.729 272.435
236.783 273.019
244.778 272.056
252.036 275.66
255.295 283.448
251.049 291.55
245.122 296.306
237.029 297.882
224.439 296.971
212.842 292.448
224.322 284.058
236.67 283.192
243.291 283.333
243.851 283.978
237.043 284.596
224.79 285.004
