84.6086 210.719
89.524 206.697
96.3348 205.622
103.759 205.929
110.952 209.555
137.284 204.526
149.751 202.124
162.206 202.757
174.332 205.975
184.594 212.814
121.729 232.628
118.086 249.689
113.935 266.346
109.663 283.169
108.142 295.796
112.207 297.754
117.539 298.81
126.927 298.053
135.735 297.136
91.1724 233.958
96.8505 226.787
105.955 229.049
113.139 238.485
104.012 240.842
95.7167 240.193
144.186 238.138
151.662 228.557
163.187 229.394
173.769 235.26
164.307 240.734
153.263 241.556
107.571 323.471
109.498 317.522
114.21 313.876
119.525 315.739
131.847 315.558
142.675 320.805
152.607 326.747
143.112 332.846
132.332 336.711
120.94 337.587
115.021 335.444
110.766 330.618
116.454 324.275
120.783 325.264
134.31 324.747
133.672 324.684
121.342 324.82
116.768 323.65
