109.394 231.468
119.435 225.169
131.809 223.387
143.992 223.262
156.293 225.068
194.719 222.328
207.471 217.908
221.185 214.931
234.914 216.046
246.195 222.237
176.809 244.989
177.099 260.778
177.29 276.497
177.878 292.062
166.227 307.14
173.022 308.147
179.776 307.888
187.539 306.365
195.808 303.654
124.45 253.676
133.299 245.015
145.925 244.512
155.326 253.634
145.284 257.598
134.343 258.129
203.057 249.366
210.598 239.78
222.759 238.268
233.443 245.145
224.62 251.003
213.617 252.154
155.669 338.775
162.447 330.606
171.607 324.736
182.267 325.232
193.96 322.251
205.431 325.693
216.007 332.231
208.002 342.338
197.515 348.51
185.237 351.579
173.723 351.428
162.84 347.932
172.569 336.174
183.32 336.13
196.528 333.848
196.437 334.394
183.823 336.43
172.995 336.714
