176.361 171.697
188.466 164.186
202.807 162.415
216.875 164.062
229.918 168.646
255.014 174.542
260.761 172.256
267.036 172.394
271.763 175.564
273.671 182.9
242.714 208.235
248.067 221.268
253.617 233.915
258.872 246.996
234.995 260.734
242.186 262.514
248.142 263.348
251.536 262.828
254.484 260.794
192.14 199.631
202.567 195.236
211.82 195.453
215.765 204.736
208.929 206.296
200.597 204.696
248.955 210.006
255.501 203.519
263.578 202.639
266.085 209.862
262.633 213.623
255.655 212.692
214.981 292.627
225.898 286.158
236.988 281.294
249.387 281.285
254.296 281.334
257.104 286.595
254.678 293.3
253.912 299.107
251.191 302.812
246.902 304.034
235.185 302.774
224.437 299.014
235.577 290.318
247.419 289.495
250.24 290.575
249.79 291.637
247.119 291.642
235.372 291.849
