84.6986 174.409
90.3674 169.421
97.2399 168.924
103.816 172.244
109.251 176.918
133.024 173.209
149.164 170.052
165.309 171.217
179.906 177.452
190.646 188.82
117.22 198.426
111.288 211.469
105.164 224.263
99.2687 237.067
96.5132 255.205
100.819 257.605
106.082 258.505
114.047 258.514
122.632 257.487
91.0156 198.451
95.6816 192.039
102.813 193.603
108.028 201.99
101.762 203.31
94.6037 202.165
145.224 204.364
152.343 196.92
160.921 197.984
168.989 203.627
161.677 207.253
152.593 207.151
92.0658 285.937
92.0746 277.514
97.8794 273.402
105.079 274.742
118.262 276.731
129.006 283.238
139.301 291.221
128.365 297.44
116.497 299.849
104.183 300.045
97.1843 297.591
92.5651 292.603
99.6683 284.397
105.126 285.426
117.957 286.337
116.583 288.133
105.179 287.119
100.172 285.78
