66.0285 196.931
74.488 191.004
85.1866 190.542
95.7211 193.239
105.161 198.774
141.369 193.593
158.221 188.894
176.346 186.999
194.906 188.338
212.224 195.9
124.324 228.581
120.934 247.5
116.722 266.275
112.571 285.36
110.048 304.51
115.897 306.813
122.402 307.893
134.543 306.489
145.851 304.331
82.1225 230.623
89.0964 224.758
98.7526 224.76
108.1 232.679
98.4712 235.742
88.9538 235.316
156.413 231.247
165.172 221.355
177.432 220.543
189.56 225.37
179.586 230.154
167.598 232.698
109.447 338.017
111.197 332.776
117.854 329.653
126.162 331.333
140.415 329.731
154.377 333.069
168.014 335.955
155.741 344.078
142.882 349.605
128.051 351.029
119.233 348.561
114.166 343.402
120.286 338.977
128.515 339.359
142.806 338.933
142.088 337.924
127.565 338.13
119.601 337.746
