86.6774 179.828
94.7311 176.395
103.509 175.801
111.779 177.794
119.607 181.621
155.292 186.228
170.026 184.315
184.706 185.219
198.265 191.963
208.613 203.059
133.375 208.64
128.782 223.89
123.647 238.997
118.841 253.89
108.321 267.839
113.167 271.103
119.544 273.112
130.046 273.258
140.355 272.208
94.3717 205.235
101.808 199.764
110.662 201.789
117.336 209.224
108.633 210.423
100.262 209.194
162.073 216.002
170.149 209.379
180.48 211.559
188.894 218.125
180.088 219.871
170.252 218.779
98.2236 297.184
102.377 289.229
110.2 285.528
118.702 288.097
131.69 289.447
142.245 296.698
150.708 306.287
139.961 311.287
128.735 312.416
117.304 311.281
109.625 309.05
102.756 304.547
111.875 297.448
118.11 298.457
129.951 300.368
128.79 300.614
118.19 298.386
112.042 297.252
