153.432 201.78
164.865 194.311
178.725 190.847
193.142 191.881
207.031 195.906
237.822 197.296
245.181 194.125
252.42 192.61
260.033 193.451
266.74 198.219
223.171 223.685
228.162 237.924
233.385 251.905
238.511 265.769
216.643 284.73
226.014 285.368
235.222 285.234
241.314 284.013
245.586 282.125
167.625 228.755
178.353 223.321
188.84 222.858
197.585 230.232
187.8 232.647
177.552 232.16
238.628 229.397
245.955 222.836
254.65 221.875
261.884 228.26
255.021 231.349
246.694 230.96
199.017 314.408
210.261 308.175
222.057 302.483
235.438 301.867
242.635 300.356
249.912 302.799
256.596 308.609
251.865 315.726
244.826 321.191
236.655 323.054
223.396 323.941
211.013 320.306
222.545 312.597
235.802 311.367
242.493 310.301
243.422 310.199
236.409 311.703
222.939 311.95
