87.9552 183.953
95.4444 176.669
105.611 173.008
115.76 173.383
124.44 177.41
174.637 176.293
188.721 173.113
203.196 173.253
217.777 176.347
229.21 184.956
150.28 212.14
146.814 229.024
142.587 246.017
138.888 262.597
125.673 277.7
133.355 280.587
141.742 281.792
152.686 281.291
163.868 279.158
98.5639 216.31
107.503 208.408
119.213 209.916
128.079 218.068
117.315 220.532
106.769 220.717
179.303 218.065
188.01 207.713
201.312 206.572
212.811 213.918
202.41 219.137
190.24 220.049
113.466 312.16
119.193 301.835
129.458 296.509
140.546 298.501
154.379 297.218
166.977 303.841
176.587 313.652
167.313 324.903
155.105 331.585
141.873 332.901
129.852 332.032
119.03 324.671
130.613 308.144
140.825 308.748
153.164 308.749
153.431 317.054
141.039 318.083
130.675 315.871
