164.02 187.253
175.651 177.992
190.409 174.92
205.548 175.839
219.753 179.599
239.712 182.961
243.551 177.376
249.468 174.131
255.996 171.774
262.617 173.643
233.363 204.563
238.867 215.982
245.14 227.144
251.391 238.478
229.128 256.457
236.467 257.052
243.014 257.043
247.296 256.177
251.223 254.728
185.303 205.409
194.15 201.737
203.322 201.278
209.725 207.039
202.271 209.602
193.264 209.406
241.972 205.803
247.414 199.28
254.931 198.073
259.704 202.382
254.505 206.634
247.78 207.536
215.818 287.521
224.628 280.137
235.039 274.126
246.592 272.944
252.703 271.775
256.774 275.855
257.341 281.16
255.457 284.211
251.281 285.638
246.139 287.112
236.292 288.112
226.077 289.282
235.767 279.82
245.913 278.572
249.733 279.13
249.483 279.606
245.867 279.645
236.366 281.203
