176.993 288.608
188.902 280.015
203.081 273.431
219.483 271.517
235.999 273.067
261.833 272.279
267.123 267.656
272.327 263.823
277.504 261.169
282.11 261.61
250.024 300.326
255.959 311.681
262.757 324.026
269.868 336.613
245.302 359.503
253.357 359.348
260.876 358.798
266.254 356.398
270.818 353.141
190.237 306.123
200.951 300.79
212.487 298.636
221.104 303.436
212.583 309.098
201.167 309.83
255.742 294.686
261.887 287.089
270.363 284.319
276.109 289.151
271.837 295.345
263.833 297.245
229.639 391.401
239.797 383.99
250.865 377.898
263.569 376.357
269.121 374.043
273.006 376.664
272.18 382.568
272.479 389.234
269.187 395.039
262.497 398.795
250.239 400.692
239.281 397.694
250.004 385.778
261.926 384.572
266.293 383.071
265.973 384.317
261.389 386.533
250.296 387.626
