123.091 193.073
136.314 183.951
151.298 178.932
167.168 178.457
182.281 181.655
226.932 186.16
239.189 182.477
252.455 180.894
264.937 184.846
273.833 194.618
209.332 220.271
212.359 234.825
215.484 249.421
218.005 264.398
193.686 284.762
204.341 287.666
215.407 288.85
224.086 288.1
232.313 285.497
142.263 220.464
154.83 213.319
167.792 213.227
177.296 223.065
166.282 227.669
153.985 226.765
230.629 224.242
240.345 215.409
251.67 214.333
260.853 222.034
251.821 227.841
241.279 228.072
180.556 321.292
190.805 313.021
202.247 306.292
215.192 308.424
225.752 306.432
234.899 312.74
240.797 320.909
233.699 327.62
224.927 331.48
214.89 332.658
203.012 331.586
191.305 327.716
199.613 317.411
215.018 318.229
226.542 317.127
226.188 317.376
214.757 317.487
199.295 317.034
