172.789 148.236
184.239 141.213
196.858 139.004
210.074 139.778
222.897 142.72
247.607 147.627
253.059 143.395
258.748 140.628
265.42 140.813
270.955 145.124
238.881 172.976
244.058 185.066
249.479 197.089
254.785 210.245
231.026 233.304
239.749 234.286
247.604 234.254
251.939 232.668
255.385 230.856
187.384 172.453
198.295 167.374
207.972 167.462
214.416 174.788
206.454 177.166
196.624 176.598
246.672 172.76
253.877 165.843
262.694 164.786
267.13 171.028
262.098 174.816
254.489 174.451
212.562 264.172
223.032 256.088
234.359 248.98
246.987 248.688
252.992 246.71
258.395 251.193
259.644 259.14
256.948 266.348
252.014 271.504
245.582 272.926
234.519 272.649
222.979 269.644
233.098 260.341
245.355 259.433
250.561 258.913
250.788 258.608
245.616 259.921
233.506 260.566
