126.039 227.213
137.714 218.952
151.429 214.742
165.447 214.455
178.739 217.856
215.056 215.287
226.025 211.046
237.78 210.43
248.795 212.941
257.921 218.854
199.829 234.652
202.019 246.541
204.482 258.721
207.136 271.89
189.582 290.364
197.836 291.01
206.414 290.887
213.581 290.081
220.148 288.734
145.751 246.125
155.391 239.945
165.966 239.07
174.516 245.236
165.76 248.586
155.534 248.989
219.933 242.154
228.421 236.189
238.654 235.441
246.371 240.62
238.772 244.474
228.951 244.327
180.847 321.917
188.771 313.41
197.933 307.73
208.52 308.02
217.981 306.139
226.892 309.93
233.68 317.811
226.767 323.39
218.807 326.106
210.236 327.355
200.214 327.61
190.176 326.165
197.729 317.459
208.996 316.673
219.244 315.541
219.39 316.527
209.325 317.128
197.367 318.071
