121.503 245.052
131.834 234.31
145.788 227.852
161.649 227.212
176.58 230.631
227.184 232.116
237.781 227.947
249.633 227.331
260.937 231.287
268.518 240.361
204.533 275.888
207.449 292.011
210.827 307.655
213.89 322.983
195.242 340.509
203.861 341.895
213.372 341.826
221.043 340.877
227.946 338.648
141.35 277.022
153.858 268.277
166.614 268.461
176.012 279.657
165.128 282.573
153.127 282.082
228.091 278.051
238.036 268.074
249.535 266.413
259.242 273.885
251.042 280.421
239.404 280.8
182.897 371.471
193.874 365.188
204.517 360.459
216.084 360.422
225.284 358.407
233.567 361.616
241.654 366.699
236.058 374.858
227.659 380.034
217.485 381.338
204.729 381.417
193.098 377.861
202.728 368.308
216.127 367.536
225.866 366.412
226.079 368.544
216.519 369.433
202.861 369.819
