81.8731 156.764
92.2274 148.608
104.498 144.04
116.765 145.126
128.651 149.92
176.184 150.892
193.179 149.336
209.962 151.007
225.657 157.764
239.344 168.649
152.148 179.354
149.783 193.94
147.469 208.174
145.415 223.069
129.588 250.863
138.031 251.408
145.627 251.961
155.119 252.171
164.291 252.185
97.5144 183.395
107.553 175.336
119.75 176.518
128.112 186.393
117.253 188.185
106.462 187.277
184.163 191.582
192.992 182.876
205.458 183.075
217.666 190.471
206.212 194.578
194.709 194.557
113.519 289.847
120.666 277.185
131.807 270.488
144.312 273.881
160.02 272.858
172.576 281.604
183.448 293.198
171.281 300.644
158.352 304.307
144.422 304.119
132.934 302.402
122.287 297.827
133.553 286.575
144.1 287.028
157.851 288.236
158.01 287.254
144.513 285.857
133.402 285.506
