93.1131 179.474
105.791 175.34
118.414 174.954
130.126 177.213
140.866 182.984
174.542 183.608
186.305 179.465
199.248 178.012
212.831 179.61
225.469 184.319
157.834 204.622
156.486 222.943
154.668 241.141
153.288 259.099
137.365 271.014
145.013 274.862
153.882 276.791
164.78 275.888
174.805 272.74
104.119 205.729
114.007 200.505
125.607 201.728
134.485 209.898
123.746 212.139
112.895 211.626
185.117 213.084
193.378 204.865
205.038 204.295
216.774 210.094
206.332 216.07
195.007 216.597
123.551 299.205
133.223 294.452
143.865 291.536
154.558 293.425
168.27 292.45
181.294 296.976
194.636 302.744
184.413 312.549
170.591 317.209
156.063 317.038
143.546 315.763
131.795 309.988
142.662 301.477
155.563 301.936
171.415 302.485
172.098 302.993
156.229 303.397
142.711 302.294
