127.495 190.007
142.012 186.507
156.648 187.749
170.581 191.501
183.824 196.287
218.486 197.95
229.646 194.095
241.219 191.862
252.965 191.705
263.042 197.32
199.637 225.12
200.984 241.81
202.749 258.727
204.054 275.857
179.335 291.326
190.073 293.956
200.623 294.588
209.522 293.052
217.973 289.373
142.599 223.53
154.404 218.109
167.001 218.928
174.553 228.325
163.732 231.15
152.22 229.75
218.467 229.481
226.95 221.306
238.788 220.349
247.89 226.421
239.64 232.539
228.676 232.866
164.492 320.486
175.067 314.094
186.685 309.595
199.427 311.356
208.842 308.725
218.011 311.429
224.974 317.141
218.37 326.833
209.244 333.704
198.734 335.891
185.941 335.619
173.92 330.165
184.974 319.575
198.64 320.417
209.587 318.381
209.623 320.309
199.079 322.171
185.614 321.534
