74.7231 158.518
83.412 149.222
95.13 143.55
107.776 143.121
119.974 145.807
168.644 135.716
183.954 130.227
199.747 127.862
215.537 131.388
227.494 140.142
150.563 168.303
149.724 184.593
148.923 201.198
148.266 217.552
131.976 240.059
140.809 241.487
150.811 241.639
162.419 239.299
173.193 236.679
90.5271 185.403
99.393 175.885
111.742 174.821
124.012 182.225
112.798 185.791
101.467 187.456
182.756 173.066
190.975 163.162
203.869 162.151
216.97 168.449
206.098 173.588
193.975 174.952
120.947 279.101
126.991 268.32
137.003 260.921
149.596 261.48
165.614 259.017
180.856 264.729
195.422 273.345
183.762 283.941
170.637 291.516
155.19 294.266
142.1 293.34
130.844 287.692
139.731 274.661
152.178 273.745
169.551 272.079
169.625 273.801
153.256 275.917
139.758 275.475
