72.8822 144.384
78.2892 139.05
85.2356 138.631
91.8248 141.259
97.6045 144.81
120.213 136.756
136.025 131.35
152.355 130.415
168.88 134.246
181.874 143.872
108.433 161.045
102.726 175.379
96.5351 189.843
90.4283 204.597
90.5797 223.692
96.1835 227.237
102.618 228.048
110.857 228.165
120.777 227.767
81.4507 168.509
83.8807 160.963
92.389 162.042
99.493 168.778
92.8965 170.647
86.4512 171.737
136.667 167.269
142.637 157.489
153.236 157.582
164.875 163.11
154.439 167.107
144.467 168.434
94.2216 262.254
91.711 255.072
94.7793 248.735
101.247 248.978
115.132 249.322
128.125 254.571
139.872 261.157
130.609 270.47
118.546 275.888
105.238 277.682
98.4481 274.857
94.5499 269.05
100.085 260.42
105.583 261.131
119.097 260.003
118.733 261.444
105.849 262.397
100.242 261.155
