93.0634 164.964
99.3275 159.843
107.489 159.378
114.938 161.436
121.689 165.39
159.794 165.513
173.452 162.864
186.973 163.39
200.105 166.63
210.646 174.298
137.655 192.426
133.758 204.915
129.391 217.523
125.192 230.488
116.737 248.413
122.346 250.534
128.114 251.314
136.207 251.042
144.684 250.133
95.9065 192.95
102.707 186.885
111.998 188.557
118.16 196.42
109.816 198.239
100.713 197.967
164.285 198.387
171.435 190.96
182.385 192.126
191.765 198.826
182.546 202.196
172.266 202.623
106.631 277.434
111.925 272.733
119.256 270.366
126.631 271.095
139.141 271.517
150.416 276.822
161.593 282.139
151.89 290.444
139.903 294.986
127.192 295.456
117.797 293.682
110.778 287.38
119.739 280.429
126.808 280.848
139.623 281.668
139.687 282.996
126.865 281.889
119.448 281.075
