181.916 173.943
195.018 165.495
209.997 161.075
225.764 160.17
241.798 162.17
266.015 167.408
269.297 161.48
274.578 156.532
280.679 155.341
286.682 157.37
256.204 191.061
265.541 207.372
274.567 223.435
283.148 239.422
248.687 256.886
257.997 258.733
267.425 258.884
273.497 255.955
278.736 251.287
198.02 196.779
209.532 192.906
220.156 190.921
228.441 196.011
219.728 199.331
207.932 200.04
261.802 192.507
268.39 186.484
276.131 184.704
280.148 188.996
275.821 192.648
268.412 193.884
232.452 292.813
245.699 285.298
257.475 277.479
272.182 275.287
278.685 273.088
283.345 276.982
283.733 283.947
284.114 293.669
280.82 300.439
273.44 303.464
259.14 304.555
245.278 301.615
256.04 287.762
271.121 285.249
276.071 284.452
276.468 286.714
271.469 286.771
256.885 289.9
