96.7642 156.705
109.844 147.942
125.843 144.201
141.236 145.551
155.74 150.755
201.33 146.573
217.76 142.554
234.72 141.772
250.439 146.816
263.054 156.719
181.549 174.583
182.228 191.771
183.112 208.793
183.845 226.139
165.715 247.06
174.312 247.577
183.743 247.889
192.791 247.506
201.241 246.546
113.695 178.654
126.544 172.374
139.731 172.89
151.179 181.521
138.433 183.924
125.321 184.06
209.852 182.105
220.397 173.462
233.6 173.016
246.3 180.378
234.846 185.122
221.826 185.382
148.217 283.178
159.089 274.135
171.677 269.149
184.875 270.533
198.327 269.29
210.474 273.31
220.717 281.131
212.338 294.034
199.49 301.379
184.317 302.534
170.02 301.381
158.015 294.532
169.518 282.971
185.041 283.903
200.09 282.764
200.097 284.708
184.478 285.779
168.915 284.886
