113.181 212.14
121.132 203.324
132.754 198.506
145.099 197.666
157.39 199.829
194.643 198.309
207.107 194.818
219.717 194.565
231.604 198.951
240.434 206.838
175.853 226.423
175.736 238.912
175.476 251.669
175.241 264.574
162.477 280.617
169.016 281.237
175.955 281.537
183.849 280.556
191.166 279.003
127.649 228.938
136.253 222.447
147.111 222.997
154.793 231.211
145.717 234.24
135.941 233.808
199.644 228.168
206.988 220.105
217.706 218.893
226.67 224.332
219.085 229.832
208.955 230.413
152.739 309.785
160.167 304.771
168.696 300.391
177.672 300.853
188.171 299.012
197.992 302.343
207.023 306.324
197.836 311.625
188.535 314.586
178.324 316.082
169.221 315.869
160.335 314.098
168.431 307.672
177.78 307.538
189.248 306.353
188.741 306.538
177.726 307.817
168.495 308.02
