183.581 218.226
197.304 209.408
213.476 207.206
229.255 209.952
245.113 216.127
270.732 221.582
276.023 217.514
281.853 213.465
287.87 212.304
292.038 214.95
258.507 244.097
264.049 259.008
270.251 273.671
276.857 289.127
247.839 308.401
256.521 309.928
264.674 310.753
270.84 309.352
275.126 307.143
200.517 242.516
211.818 237.632
222.79 237.649
226.426 247.019
219.416 250.102
208.916 248.901
267.029 247.993
273.961 239.97
283.121 237.853
285.372 244.074
282.504 251.184
274.699 251.009
221.611 341.79
234.101 335.565
248.433 329.82
263.705 330.23
269.739 329.304
272.277 334.135
268.125 340.618
268.004 348.373
265.508 355.039
258.835 358.649
244.383 357.426
231.684 351.729
243.672 341.643
260.172 340.713
265.2 341.011
264.63 341.225
259.031 343.185
244.119 343.371
