92.4916 213.01
96.8702 210.707
101.108 211.197
105.202 214.106
108.464 218.519
128.772 213.741
143.789 212.033
158.817 212.157
173.158 216.945
185.443 226.47
113.846 245.923
106.081 259.899
98.7287 273.896
91.6042 287.481
96.6233 302.773
100.143 305.267
103.827 306.455
111.602 306.582
120.036 305.029
92.8964 245.814
97.678 239.563
105.301 240.649
111.774 246.739
104.844 249.488
97.2465 248.994
139.908 249.05
148.382 243.98
159.33 246.442
169.713 250.347
160.009 253.169
148.632 252.385
92.5151 330.409
92.177 325.089
95.8628 321.024
101.005 322.279
114.114 323.633
125.764 330.399
137.316 335.954
125.604 342.342
113.591 345.113
101.545 344.673
96.6676 342.076
94.2352 336.3
98.3064 330.453
103.167 331.454
115.528 333.033
114.29 333.378
101.993 331.697
98.598 330.471
