88.4778 233.416
96.8774 224.771
108.28 221.021
120.379 221.619
132.005 225.203
166.957 222.008
180.619 216.295
195.68 213.617
211.179 214.148
223.851 220.695
151.204 246.05
150.007 258.723
148.68 271.45
147.812 284.131
135.902 304.298
142.824 305.306
150.382 305.197
160.911 304.152
170.859 302.015
106.85 253.379
115.135 247.254
124.719 247.35
132.68 252.213
124.662 256.028
115.459 256.878
177.864 249.067
185.425 242.364
195.959 241.017
205.73 245.196
197.088 250.374
187.208 250.997
128.969 335.663
134.242 326.187
142.158 320.292
151.824 321.385
164.515 319.602
176.487 324.588
187.772 332.717
178.08 339.379
167.059 343.632
155.112 344.268
145.535 344.287
136.401 341.58
144.747 332.38
152.895 331.661
166.617 331.052
166.963 331.785
153.957 331.807
144.898 332.641
