174.537 232.43
186.52 223.323
201.368 220.772
215.861 220.506
230.21 223.007
251.185 224.061
255.066 218.48
260.644 214.768
266.839 213.372
272.236 215.73
245.412 244.438
254.622 257.657
264.213 270.197
273.767 283.001
246.435 304.248
256.167 303.244
263.546 302.255
268.34 301.13
272.228 299.263
189.915 252.908
200.405 247.71
210.815 246.246
218.42 252.793
210.376 256.439
199.637 256.888
250.981 247.788
255.851 241.12
263.012 239.086
267.781 243.338
263.849 248.283
257.114 249.681
229.031 337.051
240.499 329.073
252.188 321.75
265.106 318.578
270.22 317.651
272.714 322.206
272.18 328.848
273.443 334.681
271.279 340.913
265.232 344.312
252.45 345.45
240.479 342.775
250.238 331.007
263.687 328.466
266.362 328.851
267.165 330.577
263.733 330.69
251.212 333.137
