103.084 173.094
110.749 165.734
121.884 163.52
132.662 165.659
142.89 170.007
177.811 172.969
192.888 170.447
207.838 171.836
221.856 178.47
233.157 188.818
156.441 202.021
152.636 215.421
148.751 229.04
144.786 243.119
130.607 259.696
137.567 262.093
145.465 263.377
154.957 264.052
164.199 263.842
109.412 197.532
118.711 190.343
129.861 192.812
136.243 202.686
126.446 203.162
116.898 202.143
180.797 207.87
190.078 198.235
202.618 199.263
211.964 208.217
202.092 211.052
190.983 210.235
118.786 289.327
127.299 284.132
136.329 281.19
145.649 283.503
157.925 282.99
168.919 288.824
180.456 295.133
169.762 301.235
157.305 304.153
144.466 303.974
134.693 302.017
125.79 297.416
134.791 289.725
145.062 291.238
158.234 291.945
158.636 291.939
145.093 291.23
134.853 290.238
