136.74 208.779
148 201.952
161.875 200.044
175.647 201.885
187.941 207.351
217.958 209.688
227.656 206.625
237.889 205.958
247.586 209.432
254.179 216.674
203.335 234.57
205.277 250.198
207.349 265.368
209.1 280.703
185.381 292.696
194.703 295.814
204.27 297.227
211.003 296.932
217.283 294.506
148.89 233.723
158.335 229.664
168.667 230.249
176.643 236.983
167.232 238.372
157.645 237.222
219.516 240.545
227.196 235.337
236.739 235.303
244.063 240.73
236.653 243.137
228.035 242.853
166.119 317.511
177.435 314.308
188.917 311.568
200.42 313.08
208.266 312.55
215.284 315.838
221.58 321.242
215.455 329.151
207.846 334.483
198.588 335.663
185.857 333.45
175.135 327.031
185.917 319.786
199.983 321.166
208.631 321.051
208.273 322.968
199.986 323.625
186.36 321.385
