119.584 193.034
131.02 181.538
146.4 176.296
162.453 175.191
178.213 178.2
214.849 176.341
225.55 171.322
236.892 169.503
248.527 170.361
258.005 176.667
201.567 203.2
204.369 217.921
207.591 233.164
210.776 248.404
191.678 269.116
200.613 270.543
210.41 270.246
217.973 269.392
225.313 267.196
142.95 212.932
152.561 206.784
164.338 205.488
174.636 212.396
164.247 216.072
152.963 216.062
222.199 207.888
230.172 200.336
240.799 198.867
249.831 203.809
241.955 208.756
231.842 209.481
180.3 306.423
188.039 296.161
198.499 288.74
211.171 289.543
221.15 286.838
230.4 292.595
237.249 300.87
231.668 310.275
222.698 316.571
211.992 318.915
200.075 318.795
188.806 314.642
198.623 301.342
211.124 300.154
222.693 299.621
223.024 301.574
211.367 303.322
199.075 303.654
