176.797 230.213
187.874 221.663
202.12 218.215
217.157 218.893
231.605 223.016
256.198 227.651
260.122 223.626
265.753 221.174
271.358 220.961
275.587 223.69
247.587 246.583
253.385 259.279
260.183 271.566
266.861 284.171
241.965 301.625
249.594 302.917
257.312 303.658
262.585 302.235
266.668 300.401
191.292 248.728
200.935 241.907
210.839 240.969
218.369 249.166
209.628 251.149
200.409 251.372
252.668 250.638
259.492 242.964
267.606 241.625
272.541 249.061
267.947 252.051
260.465 252.28
221.512 331.157
233.769 326.022
245.718 321.7
258.767 321.175
263.813 319.904
267.591 322.473
267.654 327.982
268.149 335.977
264.728 342.047
257.657 344.767
244.25 344.907
231.698 340.777
243.94 329.553
258.14 328.023
262.428 328.563
262.565 331.276
256.776 332.556
243.464 333.042
