145.889 199.319
159.963 188.259
177.025 185.212
194.683 186.195
211.581 190.736
245.152 192.545
253.667 187.578
262.295 185.08
271.91 185.562
280.087 190.673
231.755 223.365
237.549 238.64
244.133 253.643
249.739 268.812
225.42 289.52
234.596 289.636
243.202 289.219
250.265 288.744
255.272 287.277
170.711 223.425
182.337 217.685
192.943 217.86
200.447 227.312
190.399 229.961
179.963 228.588
244.582 226.81
251.177 217.378
260.582 215.894
267.908 221.767
262.282 226.96
253.673 227.62
200.516 323.026
214.482 316.54
227.956 310.113
242.353 309.312
248.939 308.104
255.233 311.834
259.36 319.236
255.411 326.123
248.664 330.812
240.382 332.671
226.616 332.917
213.325 329.132
227.633 320.141
242.242 318.816
247.969 318.47
248.153 320.09
241.614 320.468
227.356 321.322
