149.913 167.627
162.594 159.735
177.297 156.482
192.621 157.827
207.276 162.356
232.611 164.267
241.806 161.793
251.24 160.961
259.618 164.299
265.522 170.775
219.464 190.434
222.919 204.257
226.779 217.993
230.191 231.587
207.858 246.983
215.742 247.516
223.936 248.215
230.132 248.121
235.106 246.866
164.38 188.135
175.347 182.955
185.744 182.657
193.165 191.722
183.634 194.345
173.213 193.067
232.322 193.547
239.375 186.05
247.988 185.041
255.596 191.444
249.141 195.823
240.521 195.836
191.463 278.106
201.659 271.289
212.276 266.67
223.84 267.093
230.864 266.544
237.419 269.866
241.051 275.464
236.806 283.203
229.914 287.077
222.091 288.459
210.821 287.834
200.271 284.71
213.799 275.582
223.264 275.476
227.883 275.457
228.083 276.338
222.853 276.603
213.41 276.564
