83.3816 166.641
87.4587 160.893
91.67 159.09
96.498 159.759
100.261 162.413
122.877 154.286
136.729 149.455
150.952 146.774
164.988 148.905
177.513 155.759
112.338 190.559
108.503 203.158
103.886 214.362
98.9639 225.531
97.9545 244.859
104.035 246.037
110.345 245.739
119.346 244.091
128.571 241.992
88.2584 191.478
91.2349 183.777
100.221 184.868
107.469 192.753
100.235 195.556
91.8733 195.896
138.26 187.602
143.782 176.119
155.687 176.263
168.028 181.151
157.996 186.745
146.946 188.745
102.274 278.03
99.4663 270.516
101.664 264.235
107.783 264.486
120.762 263.543
133.357 267.644
145.461 272.997
136.187 279.967
124.756 284.003
113.327 286.329
107.519 285.382
103.619 282.187
107.406 274.56
110.981 273.486
123.752 271.668
123.58 273.567
111.474 275.796
107.651 275.545
