106.447 146.847
117.786 138.82
131.722 135.557
146.082 135.947
159.072 139.988
199.353 137.657
213.363 134.773
227.33 135.721
240.225 140.441
249.282 149.676
178.689 172.463
178.963 189.416
179.01 206.907
178.846 224.067
162.12 236.234
169.601 237.811
178.042 238.924
186.72 238.342
194.785 236.481
124.203 172.375
134.802 165.255
146.777 166.305
155.667 175.254
145.305 178.283
133.706 177.851
199.945 176.177
209.047 166.943
221.139 166.688
231.469 174.268
221.84 179.1
210.29 179.366
146.704 269.84
155.804 264.383
166.443 261.161
177.358 262.906
188.585 261.755
198.806 265.592
207.066 271.096
197.674 278.158
187.587 281.669
176.564 282.05
165.488 281.305
155.304 277.607
164.821 270.147
176.669 270.925
188.754 270.648
188.509 269.907
176.724 270.4
164.941 269.574
