78.9191 173.766
83.9666 172.392
89.3728 171.154
94.5169 172.928
98.8847 175.646
127.232 169.864
141.388 165.185
156.548 163.886
170.702 167.799
182.098 176.626
108.811 201.774
100.364 216.874
90.9457 230.049
81.5333 243.597
82.6266 264.639
86.7576 264.941
92.2241 265.347
99.357 265.945
107.985 265.962
82.7372 207.57
88.4358 200.506
95.904 200.997
101.698 209.099
95.4181 211.146
88.9725 210.213
134.969 209
142.529 197.522
153.267 197.563
164.634 203.527
154.23 209.062
144.241 210.032
81.4239 303.352
77.698 294.002
80.5167 287.236
87.9038 286.742
102.267 289.201
114.711 297.031
125.26 306.504
114.746 313.741
102.479 316.279
90.3083 316.753
84.5712 314.871
80.3602 310.828
85.4315 299.403
89.6035 297.865
105.801 299.88
103.942 305.696
89.9352 304.709
86.7436 305.013
