79.9906 169.497
83.8882 167.221
88.9681 168.806
93.4933 172.546
97.7803 177.135
116.771 166.335
132.201 160.859
148.684 158.012
165.281 159.379
178.136 168.508
107.892 201.236
102.536 218.13
96.7363 234.161
90.792 251.659
92.3077 272.165
96.2269 274.214
100.596 275.298
107.534 275.036
115.617 274.5
83.6993 201.659
86.939 194.712
96.1121 196.796
104.548 204.565
96.5152 207.462
88.384 207.799
133.413 204.066
138.36 192.238
148.924 192.723
160.081 197.829
151.123 203.479
140.655 205.12
93.3222 305.401
92.5097 300.037
95.0406 295.483
100.651 296.863
114.836 295.993
128.459 300.523
140.606 306.404
128.991 309.475
115.387 309.533
103.766 310.25
98.7547 309.634
95.3419 307.608
100.571 304.1
103.292 305.902
115.458 305.049
114.532 302.892
103.037 302.154
101.074 302.021
