124.104 215.835
135.35 206.799
148.562 200.946
161.806 197.557
175.83 197.876
225.395 191.994
236.078 189.377
247.456 190.499
258.199 194.662
267.636 200.938
204.778 220.69
207.99 237.187
211.574 253.65
215.086 270.413
193.453 290.832
202.718 292.234
213.32 292.245
222.607 290.817
230.436 287.781
142.144 237.654
152.363 229.024
164.992 227.662
175.365 234.273
165.174 238.818
153.782 239.808
227.421 230.375
235.235 222.181
246.652 220.978
256.267 228.116
247.32 232.014
237.207 232.167
177.093 327.839
189.181 318.665
201.467 311.844
215.373 311.947
225.96 309.456
236.058 314.318
245.074 322.286
238.998 334.538
228.146 341.886
215.544 343.787
201.173 343.203
187.302 338.067
200.081 324.502
215.349 323.593
227.303 322.731
227.056 324.989
214.863 326.351
199.235 325.999
