123.034 183.039
136.307 174.481
151.94 170.778
167.857 172.621
182.77 177.851
228.313 178.137
237.693 173.746
248.11 171.704
258.225 172.961
267.16 178.359
206.913 207.29
210.369 222.577
214.581 237.59
218.601 253.016
192.172 268.885
203.25 270.624
214.529 270.733
222.425 269.338
230.231 266.402
143.771 206.039
155.318 199.098
167.682 199.209
176.081 208.683
165.107 211.194
153.931 210.111
227.438 210.501
235.422 201.054
246.338 199.385
255.626 205.908
247.8 211.585
237.817 212.271
175.895 300.046
188.349 295.014
200.021 289.916
212.954 289.185
219.908 288.866
226.489 292.459
232.076 297.495
226.916 306.448
219.866 312.661
211.364 314.063
198.44 313.565
186.288 308.232
199.101 298.845
212.124 297.792
218.699 298.233
218.357 300.51
212.075 300.472
199.081 300.534
