150.723 208.108
161.774 198.246
176.256 194.519
191.607 194.565
206.48 197.029
239.09 198.891
246.141 196.1
253.106 194.933
260.702 196.63
266.551 201.426
225.648 228.331
230.405 240.395
235.249 252.074
239.754 263.989
218.103 282.712
226.453 284.68
235.815 285.036
241.974 283.932
247.037 281.705
170.255 231.106
179.882 225.446
190.653 225.296
199.222 232.195
189.808 236.608
179.731 235.816
239.763 232.111
246.023 224.825
254.659 223.994
261.498 230.162
255.172 235.215
247.066 234.806
206.803 317.484
214.734 308.606
224.157 300.923
236.525 300.851
244.198 299.782
250.564 304.414
253.178 312.12
249.85 319.471
244.368 324.287
236.496 326.351
225.784 325.978
215.595 323.084
225.103 311.32
235.571 311.106
241.43 310.672
241.712 312.443
235.865 314.136
225.413 313.451
