100.007 199.724
104.953 193.521
112.903 191.112
121.069 191.578
129.671 194.791
165.217 190.776
176.502 187.846
188.297 186.691
200.071 188.384
208.735 194.705
147.477 218.683
145.001 233.316
142.214 247.604
139.406 262.471
131.531 279.296
137.085 280.055
143.534 280.683
152.182 279.757
160.784 278.551
110.283 225.053
116.154 218.933
124.416 219.057
131.028 225.248
123.778 227.798
116.88 227.85
171.276 224.024
177.743 215.456
187.898 215.738
196.529 221.219
188.127 224.684
179.807 225.581
123.684 310.745
125.782 301.322
132.666 296.044
141.755 297.018
153.903 295.917
164.865 300.638
173.608 308.879
165.388 316.371
155 321.324
143.839 323.052
135.66 322.137
128.388 318.109
134.919 308.409
142.796 308.241
154.223 307.79
154.314 308.451
143.269 309.4
135.034 308.928
