124.479 182.892
136.939 173.217
152.289 170.221
167.248 171.032
181.407 175.172
210.056 173.755
220.69 168.486
232.532 165.686
244.868 166.083
254.276 173.602
199.17 198.413
201.547 210.238
204.09 222.133
206.152 234.216
188.419 251.061
195.783 251.368
203.205 251.265
210.326 250.934
217.029 249.927
146.046 201.814
155.859 196.333
166.495 195.55
174.285 202.143
165.697 205.351
155.334 205.171
217.395 199.398
223.98 192.915
233.416 191.449
241.98 196.194
234.899 200.777
225.781 201.352
175.61 281.952
185.042 275.006
194.4 269.396
205.551 269.775
214.44 267.993
222.285 271.506
229.252 276.691
221.707 280.183
214.627 281.89
206.421 283.239
196.45 284
186.135 283.889
195.879 276.33
205.564 275.809
213.479 274.918
212.843 274.775
205.161 275.632
195.812 275.882
