93.3871 196.215
102.733 187.629
115.618 184.694
128.573 185.955
141.444 189.644
175.193 187.387
190.7 184.314
206.149 183.69
221.247 187.643
233.292 196.992
157.093 215.225
155.003 230.814
152.581 246.482
150.293 262.43
136.321 276.882
143.719 279.65
151.543 280.457
162.138 279.781
172.096 277.726
108.246 217.9
116.898 211.654
127.574 212.803
136.104 219.672
126.367 222.097
116.355 221.889
184.565 220.587
192.038 212.416
203.636 212.926
213.563 219.092
204.036 222.562
193.602 222.749
124.236 307.953
131.612 299.933
141.864 295.952
152.737 298.264
166.348 296.422
179.375 300.955
191.141 308.348
179.978 318.05
167.386 324.071
152.895 325.304
140.811 323.447
131.777 317.084
143.702 308.989
153.078 309.211
165.72 309.193
166.352 309.982
153.143 310.775
143.489 309.221
