201.377 230.445
209.619 218.241
220.7 209.906
234.003 208.104
247.261 210.546
260.825 217.724
263.824 213.945
266.104 210.636
268.939 210.13
270.785 213.324
255.268 239.489
260.407 254.178
267.144 267.608
273.498 281.198
249.599 301.047
257.43 302.441
264.481 302.229
269.056 301.081
271.464 297.447
215.302 245.146
223.725 239.068
232.45 237.262
238.754 245.116
232.961 249.168
224.08 249.753
259.324 243.829
261.905 238.004
267.003 236.554
270.212 242.102
268.066 246.739
263.237 247.302
234.86 330.61
243.455 323.791
253.287 319.358
264.011 317.168
268.47 316.653
269.503 319.843
270.016 324.764
268.687 330.425
265.194 334.271
260.172 336.348
251.662 336.26
242.585 334.723
252.059 327.157
261.981 325.767
265.329 324.612
264.34 325.639
260.549 326.71
251.106 328.208
