107.8 217.244
116.962 208.571
130.158 204.836
143.583 205.089
156.946 208.47
197.432 208.04
210.826 205.721
223.756 204.954
236.577 207.593
246.58 215.487
178.137 237.909
178.827 254.488
179.363 270.468
179.86 286.765
162.181 302.62
170.601 304.213
179.066 305.388
188.404 304.212
197.126 301.804
124.212 236.355
134.154 230.706
145.802 231.334
154.201 239.385
143.793 242.381
133.657 241.389
203.015 239.338
210.977 231.313
222.748 230.485
233.211 236.377
223.184 241.019
212.917 241.947
151.403 334.178
159.603 326.505
168.83 321.699
179.31 323.06
188.633 321.547
198.165 325.907
206.062 333.785
200.565 344.568
191.212 351.444
179.629 353.404
167.436 351.99
157.448 345.199
169.29 332.171
179.328 333.357
187.601 332.245
187.955 335.1
179.185 336.419
168.759 334.968
