76.6882 225.506
80.4065 222.291
85.6118 223.336
90.872 227.24
94.9737 230.859
122.585 222.481
137.182 219.584
152.038 217.546
167.068 219.7
178.349 228.274
108.987 255.471
103.583 270.535
97.9109 284.688
92.4737 299.01
92.9169 315.543
97.5188 317.309
102.06 317.927
110.188 317.07
119.139 315.141
85.5538 257.153
87.4276 249.93
96.1103 251.569
103.692 258.727
96.5523 260.473
89.1429 260.701
137.277 257.804
143.062 249.435
153.389 250.369
164.835 254.651
154.327 259.121
144.151 259.66
96.2891 349.431
92.3972 342.712
95.544 335.745
102.305 335.278
115.898 335.282
128.57 340.704
140.338 347.2
130.83 355.361
119.632 360.702
107.47 362.574
101.092 360.627
97.6166 355.263
102.732 346.949
106.603 346.648
120.055 345.642
118.855 346.791
106.202 347.661
103.02 347.16
