83.7405 278.354
86.0737 276.07
90.0758 276.836
94.4473 278.816
99.5776 282.261
125.465 274.911
136.477 270.403
148.004 267.965
159.798 268.624
169.104 275.798
113.53 302.857
109.826 317.535
105.757 331.13
101.87 345.312
108.414 366.268
110.338 366.862
112.048 367.03
118.379 366.664
125.13 365.344
96.5906 301.726
98.6632 294.995
106.774 296.336
114.128 304.623
106.543 308.53
99.3233 308.309
138.224 303.137
142.331 292.117
152.291 293.314
162.429 298.875
154.512 305.456
145.456 306.537
111.881 389.101
110.497 386.496
112.556 384.245
116.491 384.863
128.186 384.065
140.077 386.056
150.561 390.103
141.563 394.485
131.421 397.899
120.152 399.176
115.034 397.125
112.458 393.14
117.931 391.42
119.276 392.1
130.728 390.301
130.158 390.269
119.501 389.885
117.236 390.397
