98.8646 194.213
108.065 186.237
120.199 183.846
132.478 185.816
143.484 190.302
178.06 188.307
191.344 185.73
204.924 186.552
217.777 190.764
228.656 198.384
157.87 211.024
156.433 223.797
154.775 236.286
153.199 248.891
140.955 268.822
147.005 269.345
152.852 269.57
160.366 270.422
167.572 270.404
112.451 216.509
120.202 211.236
130.007 212.379
136.541 217.944
128.387 219.942
119.384 219.883
182.284 219.845
190.082 213.943
200.208 214.639
208.262 219.555
200.077 222.476
190.88 222.425
125.824 300.497
133.106 291.809
141.45 285.642
151.294 286.594
162.681 287.573
171.117 294.8
178.064 303.943
169.862 311.075
160.007 314.054
150.143 314.811
140.891 313.692
132.017 309.169
140.498 296.986
150.406 297.172
162.063 298.738
161.823 301.253
150.202 300.508
140.338 300.024
