154.726 239.263
168.571 233.786
183.079 231.405
198.758 232.194
212.652 236.031
250.155 236.911
257.33 232.22
265.062 229.608
272.794 227.39
280.675 228.919
231.606 265.785
236.287 284.362
241.225 302.489
245.125 321.405
214.93 336.184
226.008 338.533
237.325 339.009
243.784 337.504
248.69 334.177
169.959 266.955
181.166 261.863
193.304 261.97
202.582 269.651
192.082 274.015
179.992 272.248
244.135 268.455
253.116 259.898
263.39 258.839
269.567 264.17
263.082 269.827
254.092 270.515
194.076 366.339
207.42 361.326
220.681 357.087
234.094 356.799
240.955 355.202
246.933 357.335
251.832 359.82
246.304 367.157
241.015 373.747
232.659 377.574
218.99 377.641
206.429 373.338
216.847 365.988
232.239 366.196
240.305 365.08
240.848 364.853
232.956 366.096
218.187 366.337
