128.785 172.165
141.567 163.616
156.756 159.16
172.384 158.026
187.147 161.825
223.164 163.493
233.892 161.423
245.16 161.686
255.567 164.2
263.329 171.664
207.633 185.55
210.799 203.056
214.315 220.446
217.408 237.12
191.3 249.583
202.123 251.817
213.407 252.192
222.04 251.402
229.514 248.381
145.242 192.908
156.225 186.162
168.286 185.414
177.2 193.84
167.095 196.638
156.213 196.591
223.123 195.292
232.097 187.424
242.896 186.655
250.461 193.843
242.945 197.88
232.929 197.409
175.999 280.944
187.521 274.886
199.257 271.108
211.328 272.594
219.439 271.324
226.95 275.069
232.779 280.729
225.505 285.474
217.658 287.805
209.714 288.829
198.014 288.508
186.308 285.987
197.605 278.88
210.471 279.435
218.413 279.403
218.55 279.147
210.492 279.093
197.571 279.105
