97.7885 200.929
109.435 191.787
123.847 186.772
138.13 186.85
151.784 191.88
200.679 189.529
213.197 183.723
226.416 182.729
239.787 186.146
250.942 192.947
178.305 214.709
178.806 230.106
179.238 245.864
179.653 261.85
162.135 277.389
170.489 278.893
179.351 279
189.083 278.35
197.749 276.6
117.437 223.309
127.621 216.375
139.505 216.258
149.8 223.464
138.981 226.41
127.52 226.8
207.16 221.51
216.138 214.287
227.584 213.141
238.73 218.847
228.912 223.076
217.704 223.439
147.905 313.151
156.488 301.79
167.534 294.517
180.798 295.33
193.557 293.159
204.839 299.871
213.836 310.133
205.255 319.893
194.637 326.184
182.427 328.23
169.586 327.496
157.743 322.336
166.288 310.344
180.895 309.047
195.404 308.983
195.252 309.454
181.126 309.656
166.822 310.091
