102.814 166.755
113.47 157.986
126.44 154.599
139.414 155.443
151.602 158.378
199.25 153.155
211.208 148.909
223.877 147.351
236.589 149.153
246.907 156.234
178.12 184.799
178.32 198.123
178.952 211.223
179.915 224.348
166.208 243.694
173.164 244.869
180.974 245.272
189.495 244.232
197.607 241.877
124.264 188.506
132.986 182.515
143.503 182.828
153.948 189.381
143.692 192.744
133.131 192.618
203.009 186.456
211.419 179.098
221.961 177.844
232.406 183.136
223.735 188.432
213.294 188.952
153.855 273.199
161.804 265.33
170.928 259.665
181.427 260.88
193.067 258.801
203.613 263.91
214.068 270.441
203.894 275.602
193.913 280.246
182.46 281.525
172.105 281.191
163.13 278.036
170.387 268.927
181.86 268.444
195.805 267.684
195.655 269.387
182.179 270.118
170.508 270.052
