86.0526 189.247
91.573 183.529
99.8249 182.431
108.705 184.364
116.824 188.677
148.599 181.375
161.895 175.284
176.224 173.484
190.502 176.41
201.822 184.713
132.395 212.755
130.12 227.94
127.152 243.342
124.509 258.762
119.223 270.973
124.009 273.465
130.499 274.572
139.254 273.539
147.819 271.335
95.2667 210.478
102.678 203.435
112.725 204.6
120.247 214.304
110.872 216.841
101.19 216.139
158.533 211.296
165.485 200.392
177.763 199.286
189.793 206.131
179.963 211.842
168.317 213.782
116.009 296.793
121.403 294.314
127.739 292.146
134.69 293.715
147.228 291.743
159.153 294.229
171.693 296.432
162.135 306.255
149.632 312.007
136.188 313.331
126.885 311.718
119.866 306.122
127.482 300.299
135.072 300.996
149.714 300.127
149.202 300.685
134.881 300.588
127.196 299.538
