79.0906 218.644
82.814 216.621
88.2434 219.573
92.6928 225.519
96.6417 231.043
122.038 225.358
138.276 221.776
155.13 220.668
170.408 225.864
180.784 238.365
109.836 260.136
104.499 273.289
98.4604 286.178
92.6 298.904
93.1877 317.14
98.2314 320.077
103.343 321.051
110.356 321.884
118.701 321.9
83.6891 255.012
89.1848 248.682
97.2486 251.497
102.802 258.368
95.7688 261.407
88.2604 260.131
137.939 261.991
146.014 255.434
156.191 257.033
166.891 260.979
156.889 267.319
146.161 267.046
91.2034 349.343
90.1791 344.002
93.7161 340.621
98.3405 342.167
112.318 344.989
124.755 351.339
137.112 358.008
124.913 361.985
111.81 362.733
99.0245 362.027
93.7915 359.689
90.0645 356.178
96.7074 349.277
99.5252 349.089
111.775 352.147
111.057 352.289
98.8475 350.713
96.9561 350.254
