94.3913 199.688
105.925 188.479
121.538 183.916
137.472 183.855
152.501 188.254
196.985 187.116
212.962 181.337
229.802 179.369
246.731 182.672
260.212 193.007
174.681 216.365
174.987 232.829
175.238 248.967
175.668 265.526
159.154 285.789
167.521 286.807
176.522 286.735
186.584 286.464
195.783 284.691
114.902 226.69
126.096 219.716
138.346 219.638
148.967 226.725
137.721 230.156
126.284 230.386
206.326 223.959
215.916 215.266
227.969 215.457
239.817 221.312
228.611 225.59
217.395 225.734
146.277 324.337
154.886 314.018
165.734 306.141
178.623 306.795
192.58 305.248
205.239 311.986
216.931 319.821
206.057 328.967
193.452 334.321
179.558 336.051
167.066 335.914
155.652 332.055
164.427 319.363
179.048 317.581
195.459 317.788
195.29 318.376
178.889 319.029
164.489 319.896
