179.164 201.637
190.124 194.232
203.191 191.138
217.006 192.284
230.457 195.674
253.148 205.146
257.164 202.963
261.399 202.229
265.569 205.268
268.016 210.515
241.044 227.431
247.751 241.35
254.85 254.019
261.688 266.549
236.421 283.745
243.571 285.675
251.379 286.713
255.375 285.981
258.906 284.216
194.282 221.997
204.34 218.532
213.544 218.352
218.584 226.41
210.521 227.796
201.997 226.429
245.768 231.638
252.668 226.643
261.275 226.914
263.249 234.278
257.688 235.783
251.468 234.841
220.701 312.955
230.831 306.575
241.622 302.261
253.295 303.785
258.158 303.188
260.29 308.015
258.365 313.65
258.245 320.527
254.627 323.98
249.825 324.351
239.4 323.33
229.199 319.696
237.358 310.706
250.1 312.304
256.134 312.249
254.444 312.106
249.113 312.394
237.079 311.599
