143.589 171.689
156.319 162.341
171.477 158.684
186.731 158.987
201.373 163.132
228.916 163.714
235.662 158.69
243.309 156.013
251.697 155.018
259.353 158.39
218.566 188.276
222.681 199.015
227.143 209.774
231.099 220.53
212.004 238.433
219.273 239.273
226.472 238.96
232.81 238.367
237.745 237.026
166.847 189.094
176.872 183.548
186.777 182.724
194.045 189.395
185.827 192.871
176.042 192.499
231.041 187.886
237.633 180.475
246.24 179.007
253.676 183.536
247.648 188.795
239.129 189.401
200.867 268.174
210.735 262.169
219.579 256.62
230.25 256.378
236.594 254.778
242.253 257.757
246.614 262.874
241.714 266.347
236.982 268.757
231.008 270.093
221.369 270.813
211.122 270.386
222.718 262.862
230.332 262.05
234.351 261.623
233.878 261.551
229.904 262.191
222.783 262.63
