75.5194 164.396
87.7994 155.511
103.125 152.694
117.027 153.919
130.384 159.1
171.921 153.845
190.775 148.822
209.855 148.237
227.955 154.21
242.393 164.573
153.158 181.173
151.389 198.78
149.501 216.26
147.75 233.82
135.09 255.782
142.077 255.846
149.324 255.839
159.595 255.671
169.38 254.999
93.4786 187.167
104.804 180.49
117.092 181.179
128.235 189.289
115.938 191.805
103.5 192.259
183.787 189.277
194.244 179.32
208.464 179.458
222.895 186.56
209.784 191.532
196.033 192.379
120.116 289.656
127.918 281.27
138.269 277.452
149.481 278.755
164.836 278.082
178.653 282.072
191.758 289.84
180.393 301.046
166.963 307.626
150.593 308.837
137.699 306.941
128.007 300.229
138.138 291.406
149.974 292.519
167.406 291.339
167.023 291.505
149.835 292.18
137.33 291.381
