110.056 218.441
120.124 212.317
132.22 210.741
144.018 212.14
155.112 215.653
195.476 212.787
206.639 206.814
218.949 203.51
231.898 203.686
243.096 209.254
177.44 236.167
178.741 250.187
179.71 263.965
180.502 278.066
166.193 292.027
173.243 293.319
181.046 293.565
189.796 291.614
197.552 288.44
123.642 241.066
133.714 234.956
145.35 235.451
154.186 242.827
143.894 246.409
133.007 246.813
201.449 240.692
208.693 232.172
220.708 230.087
232.29 234.921
223.506 242.167
212.325 243.005
156.56 321.611
163.84 313.948
172.348 308.383
182.051 309.512
193.178 306.604
203.719 310.811
213.304 316.511
205.108 323.159
195.026 327.06
184.664 328.53
174.729 329.424
164.578 327.016
171.763 316.859
183.02 316.621
195.553 314.368
195.553 314.778
183.286 316.543
171.884 317.137
