92.7709 172.001
99.5684 161.724
111.146 156.999
123.162 157.562
134.538 162.232
176.132 162.492
192.105 157.311
208.99 158.393
224.024 167.041
234.697 180.017
151.25 197.59
148 215.151
144.398 232.978
141.474 250.765
127.19 267.861
135.161 270.564
143.695 271.106
155.55 270.84
166.211 268.981
102.963 200.415
111.115 192.978
123.075 194.193
130.86 202.747
121.179 205.24
111.144 205.34
183.073 204.484
192.522 194.931
205.975 194.947
216.3 203.072
205.315 206.988
193.795 206.9
121.411 302.134
128.048 295.333
136.986 291.215
146.982 293.145
159.693 291.344
171.121 296.973
180.736 304.337
172.747 314.617
161.132 320.177
148.715 321.065
137.317 319.76
126.92 314.045
138.899 301.772
147.798 302.896
158.971 302.677
158.538 304.772
147.434 304.786
138.599 303.939
