194.275 234.489
202.652 226.095
213.567 221.81
225.47 220.616
237.968 223.356
248.944 230.596
250.553 225.827
252.941 222.018
256.193 220.418
259.941 219.616
248.854 247.954
256.145 263.095
263.978 277.128
271.931 291.369
247.601 308.583
256.847 311.02
264.833 310.271
270.935 309.158
275.78 305.091
209.165 258.703
217.174 255.025
223.642 253.761
229.855 255.457
225.169 260.365
217.793 262.462
249.729 251.893
252.211 248.464
257.156 247.959
260.659 250.064
257.993 253.72
254.336 254.399
241.451 339.526
250.185 333.298
258.812 328.381
268.326 326.807
271.302 324.959
273.261 326.988
274.845 330.323
274.95 337.682
271.827 343.446
266.952 346.388
259.341 347.424
249.757 345.268
256.296 334.114
266.942 332.042
270.295 331.064
270.73 335.171
266.465 336.608
256.182 338.951
