84.9887 130.195
92.6504 123.016
102.571 120.87
112.723 122.031
121.721 126.345
152.797 120.494
168.755 117.044
184.856 117.711
200.011 122.993
211.796 132.512
134.516 156.499
130.535 171.905
126.244 187.233
122.491 203.195
116.04 220.566
121.662 223.185
128.41 224.143
138.221 223.089
147.527 220.298
94.9366 158.376
103.115 152.253
112.888 153.353
120.966 161.268
111.89 163.905
101.986 163.723
160.199 159.698
168.206 151.405
179.473 151.809
190.632 158.679
180.651 163.431
169.361 163.477
106.599 251.836
111.613 247.041
118.652 244.504
126.322 246.213
139.017 245.297
150.613 250.344
162.535 255.467
151.231 262.02
138.794 265.744
126.746 265.724
118.592 263.976
111.271 259.471
119.869 252.42
126.352 252.697
138.865 253.622
138.442 253.982
126.314 253.602
119.734 252.763
