158.98 217.804
173.978 215.784
189.383 217.46
202.612 218.198
215.755 218.888
259.169 216.012
266.237 213.635
273.475 211.84
279.978 211.767
286.435 212.445
238.94 254.192
245.762 270.516
252.592 286.029
258.053 301.387
231.011 325.428
241.083 325.934
251.454 325.777
257.923 324.601
262.691 322.843
172.064 258.252
182.104 250.814
194.943 250.003
203.45 258.868
193.513 264.003
181.322 263.065
256.942 255.555
264.399 248.388
273.563 246.533
279.456 252.144
274.174 258.214
265.185 258.815
213.224 361.881
225.86 354.254
239.334 347.884
253.881 346.588
263.135 344.863
271.355 348.256
277.072 354.624
272.562 364.058
264.328 369.812
254.386 372.928
239.984 372.928
226.403 369.806
236.985 359.802
253.663 358.851
265.05 356.519
265.881 357.122
254.016 359.515
237.321 360.325
