150.053 178.936
161.232 170.403
175.686 167.296
190.567 167.308
204.408 170.247
236.072 171.206
244.303 168.337
252.718 167.942
260.679 170.281
265.884 176.902
222.205 205.035
227.316 220.49
232.758 235.819
237.888 251.72
211.389 268.087
220.305 271.004
229.77 272.267
237.228 270.866
243.283 267.358
167.005 205.611
177.405 199.366
188.821 199.963
196.469 207.837
187.416 210.647
176.361 209.992
234.289 208.819
241.747 200.637
251.855 200.02
258.114 208.624
251.227 212.583
242.688 211.734
193.363 302.692
205.044 296.303
217.197 291.932
229.873 293.017
236.974 291.564
243.708 294.627
246.675 300.566
241.934 307.975
235.83 312.598
228.72 314.655
216.352 314.049
204.035 310.138
217.141 300.695
228.783 300.471
234.074 300.578
233.653 301.663
228.507 302.157
217.074 301.88
