96.8202 198.443
104.653 191.567
115.138 188.43
125.733 188.101
136.308 190.349
178.907 189.946
192.433 187.923
206.026 189.954
218.915 195.302
229.314 203.988
155.557 219.489
153.995 234.746
152.232 249.977
150.681 265.031
139.907 278.273
146.365 279.329
152.565 279.502
160.493 279.391
168.642 278.723
107.404 218.558
115.556 212.191
126.272 213.337
133.805 220.991
124.519 223.343
114.973 223.118
182.96 221.901
191.434 212.991
203.395 213.153
213.805 219.523
203.804 223.865
193.029 224.207
132.871 305.439
137.277 299.373
144.576 295.337
152.373 296.979
162.751 295.524
172.227 300.25
180.799 305.996
173.233 312.978
163.98 316.304
153.637 316.918
145.127 316.277
137.548 313.169
146.647 304.173
152.665 304.337
162.203 304.381
162.239 305.616
152.849 306.063
146.842 305.551
