78.9991 168.61
82.2868 162.958
87.4596 163.087
90.8529 165.995
93.1659 168.513
120.831 163.767
136.786 161.44
152.717 162.494
166.616 168.91
177.459 180.748
102.53 203.184
93.6525 217.595
84.3261 231.678
74.9981 246.676
76.4427 262.026
80.7658 264.777
85.1298 265.593
94.4455 266.1
104.947 265.903
78.9839 203.641
84.8691 195.695
92.8968 197.97
98.1677 207.579
90.5097 209.673
82.267 208.972
130.106 206.669
137.554 194.466
149.323 195.259
159.065 203.113
150.088 207.959
139.227 208.515
74.8407 297.452
71.7418 289.175
75.4986 283.082
81.1197 282.677
95.4707 285.348
106.94 292.556
116.068 302.812
104.772 308.776
93.1294 311.764
80.5854 312.222
75.0113 308.673
73.3661 303.079
79.3606 290.959
82.6915 290.631
97.1466 293.13
95.02 303.037
81.1035 303.437
78.4427 300.21
