185.201 166.517
197.553 161.662
211.271 163.158
224.725 168.249
236.72 174.901
264.274 183.503
269.027 180.252
273.888 177.819
278.958 178.77
282.918 183.366
249.267 203.495
254.891 216.339
261.064 228.491
266.674 240.345
238.896 257.517
247.349 258.115
255.185 259.118
259.708 258.962
264.399 258.925
193.898 194.135
206.843 190.49
217.364 191.459
221.108 202.941
212.714 204.758
202.649 201.836
252.931 207.722
261.833 201.124
270.582 200.598
273.472 208.582
268.686 212.444
260.793 211.076
222.237 289.583
232.929 282.703
243.694 278.725
255.156 279.534
260.193 280.537
263.096 284.578
261.965 290.426
261.251 297.397
257.079 302.557
250.991 303.882
239.879 301.827
230.13 296.818
240.887 288.111
252.559 289.189
256.719 289.884
256.411 289.395
252.136 289.053
240.666 288.91
