176.893 265.442
187.764 257.748
201.117 255.954
214.616 257.136
227.759 259.982
257.179 257.44
261.615 252.6
266.913 248.093
272.996 245.717
277.484 247.743
245.049 280.501
249.554 292.343
254.523 303.383
259.154 314.887
234.466 334.422
243.557 334.655
251.903 333.883
257.753 332.189
262.14 329.287
190.24 285.617
200.19 281.446
209.487 279.599
216.858 285.104
209.243 289.651
199.336 289.861
255.296 278.921
261.497 271.386
268.553 269.293
273.032 272.174
269.732 279.225
262.444 280.839
221.847 365.164
233.023 358.751
243.739 352.302
255.853 349.804
261.827 348.135
265.606 350.47
265.672 354.566
264.84 361.291
261.855 366.959
255.249 371.384
243.383 372.904
232.626 370.836
243.773 359.892
255.524 358.594
259.364 357.304
258.938 357.765
254.425 359.726
243.91 361.591
