154.907 201.975
166.535 194.254
181.089 190.904
196.38 192.325
210.877 196.418
243.945 201.048
251.319 199.736
258.406 199.361
265.141 201.752
270.983 206.593
227.669 223.952
231.527 237.883
235.768 251.478
239.697 264.853
214.763 281.843
223.363 283.649
231.955 284.78
237.898 284.7
242.676 283.051
172.762 221.174
181.308 216.114
191.585 215.886
198.858 224.278
190.045 225.194
180.768 224.221
239.457 228.834
246.652 222.393
255.185 222.309
260.71 229.95
254.155 231.171
246.688 230.505
200.196 311.479
209.51 303.406
220.636 297.975
232.563 298.644
240.244 298.797
245.855 303.551
246.787 312.438
242.173 317.412
236.036 319.474
230.061 319.339
219.597 318.792
209.355 316.322
221.48 309.451
231.257 309.509
236.477 310.184
236.012 309.584
231.104 309.464
221.836 309.469
