147.658 254.826
160.739 247.768
176.597 245.82
192.342 247.425
207.399 252.369
243.984 251.782
252.827 246.651
261.979 243.085
271.579 242.68
279.028 248.339
230.124 271.873
235.802 285.943
241.811 299.428
247.183 313.748
219.219 337.694
229.87 337.969
240.291 337.784
246.98 336.847
251.96 335.14
163.042 279.231
175.603 272.489
187.931 271.701
196.097 281.302
186.365 282.998
174.749 282.789
245.587 279.427
253.727 269.602
263.758 267.743
271.044 274.82
264.301 279.542
255.535 279.909
203.667 373.414
214.176 364.592
226.079 357.035
239.66 356.491
248.6 355.028
254.757 360.906
257.172 369.764
252.83 377.587
246.092 382.462
237.668 384.609
225.53 384.515
214.071 380.429
224.333 369.398
238.509 367.754
246.12 367.817
245.694 368.57
238.229 369.729
224.156 370.546
