124.96 218.687
136.502 209.476
151.353 206.18
166.749 206.801
181.852 209.905
216.097 210.891
227.109 207.156
238.77 206.556
249.893 210.358
257.047 218.522
200.24 237.729
202.357 251.538
204.744 265.107
207.052 278.757
187.157 294.756
195.75 295.983
204.503 296.316
211.985 295.812
218.976 294.365
144.174 240.953
154.297 236.057
165.336 236.196
173.513 243.285
164.027 247.231
153.548 246.378
219.282 244.079
227.051 237.915
237.139 237.085
245.689 242.798
237.284 248.311
227.782 247.53
173.937 327.036
183.362 319.481
193.505 313.473
205.017 314.938
213.608 313.564
221.079 318.067
227.206 324.424
221.039 332.112
213.503 337.252
204.023 338.608
192.976 337.733
182.742 334.043
191.989 323.872
204.468 324.611
213.66 323.394
213.377 324.382
204.263 325.505
191.829 324.724
