169.373 209.162
180.636 198.41
194.821 194.498
209.433 195.382
223.333 199.375
251.802 204.026
255.84 200.96
260.531 200.075
266.214 202.181
270.298 208.765
239.184 239.299
245.279 250.964
251.846 261.846
257.977 273.195
239.306 295.554
246.201 295.046
252.303 294.53
255.613 293.787
258.512 293.712
188.315 234.108
199.119 229.841
208.534 228.876
214.797 237.086
206.952 239.023
197.689 238.245
247.161 240.78
254.373 233.139
262.349 231.161
266.916 237.074
262.62 241.744
254.708 242.159
220.063 327.451
231.522 319.257
241.763 312.476
253.966 311.412
260.025 310.29
264.082 316.299
264.351 324.881
263.616 331.549
259.685 337.151
253.153 339.648
240.848 339.048
229.467 334.893
242.727 322.064
252.428 321.991
255.88 321.975
255.587 325.276
251.609 325.942
242.583 325.458
