152.723 256.559
164.996 249.724
179.85 248.447
195.074 250.516
209.718 255.27
242.141 257.19
248.17 252.271
254.372 248.159
261.824 244.036
269.004 245.142
226.273 276.334
230.999 290.977
235.77 305.184
240.207 319.706
213.915 337.917
224.272 339.063
234.96 339.072
241.95 336.812
247.018 333.26
167.141 278.824
178.427 273.006
190.065 273.043
198.071 281.712
188.708 285.535
177.436 284.807
240.401 279.141
247.692 270.371
257.485 268.139
265.426 272.982
259.16 280.146
249.778 281.293
194.073 367.655
207.591 361.277
221.408 355.796
235.685 356.671
242.873 354.284
250.049 357.481
253.418 362.086
248.843 371.288
242.238 378.045
232.6 381.393
218.383 381.201
205.217 376.195
216.902 366.391
234.778 365.9
243.458 364.155
242.765 364.884
233.539 367.041
215.994 367.361
