157.2 240.418
168.634 231.67
184.001 229.163
199.512 229.592
214.315 233.896
246.062 237.477
253.226 234.595
260.769 233.488
268.048 234.482
273.134 239.655
230.998 263.247
235.081 277.034
239.767 290.073
244.358 303.355
214.568 320.317
225.725 321.933
236.367 322.935
243.889 321.827
249.371 319.077
174.701 263.334
185.194 259.701
195.795 259.153
203.669 265.739
194.385 268.72
184.284 267.837
244.225 267.397
252.008 261.792
260.449 261.092
266.696 266.128
260.344 270.466
252.117 270.136
194.818 347.874
208.492 344.066
221.725 339.997
235.616 340.89
242.524 339.717
248.732 342.54
252.77 347.766
247.604 355.302
241.841 360.526
234.107 361.706
220.041 360.705
206.626 355.487
219.465 348.681
235.128 349.529
242.161 349.097
241.948 350.477
234.772 350.491
219.72 350.522
