82.223 163.516
87.8821 159.691
94.1442 159.859
100.956 162.207
106.519 165.909
145.897 160.536
161.417 155.635
178.119 155.326
194.399 160.622
206.186 171.491
123.547 192.304
117.933 206.853
112.092 220.487
106.413 234.521
104.284 253.572
108.214 255.403
113.3 256.745
121.857 255.74
130.393 254.051
86.9076 195.328
93.7497 189.569
102.775 190.619
110.511 197.792
102.45 199.585
94.0303 199.318
157.459 195.157
165.379 188.545
175.875 189.061
186.179 194.041
175.566 197.075
165.669 197.571
97.5938 286.771
99.7197 278.622
106.002 275.228
113.027 275.909
126.625 275.991
139.236 280.177
150.815 287.633
139.728 294.942
127.495 299.211
114.394 299.746
107.019 298.012
101.284 293.491
106.869 285.042
114.777 285.795
130.554 286.611
129.789 288.309
114.548 287.716
106.975 287.242
