179.07 192.629
189.726 183.817
203.071 179.607
216.897 180.829
229.644 186.353
263.387 188.786
268.576 185.385
274.365 183.137
280.719 183.382
285.549 187.168
246.995 212.694
251.878 226.51
256.439 239.598
260.86 253.445
236.64 268.437
244.755 269.316
252.707 269.697
258.109 268.285
261.352 266.414
191.029 213.382
200.128 206.733
210.877 205.632
218.009 213.842
209.82 217.568
200.082 217.113
258.011 212.936
265.304 206.188
273.732 204.081
278.136 210.559
273.721 215.602
266.503 215.736
217.127 297.436
228.313 290.288
240.171 283.277
252.862 283.321
258.252 281.308
261.876 286.466
260.695 293.545
258.95 300.181
254.739 304.577
248.354 307.153
237.47 307.114
226.359 304.158
237.32 294.801
249.587 293.967
254.134 293.437
253.11 292.498
247.894 293.79
236.4 295.036
