78.563 224.37
84.2525 221.545
90.4626 222.352
96.1769 225.933
100.546 230.522
123.84 231.03
140.248 228.397
156.616 229.619
171.447 235.305
182.475 246.323
107.869 258.351
101.223 273.42
94.4695 288.508
87.724 303.479
87.5099 322.97
89.9179 325.159
93.3714 326.385
102.433 327.3
112.151 327.627
79.9734 256.282
85.3622 251.563
93.5649 254.246
98.9537 262.532
92.2737 263.415
83.7353 262.125
137.2 265.998
144.99 259.877
155.166 261.534
164.222 264.702
155.78 269.729
145.18 269.626
84.1178 354.583
83.1785 347.788
87.6707 342.484
94.2017 344.477
106.673 346.797
116.663 353.972
126.593 360.51
116.628 366.214
105.727 369.971
93.8851 370.197
87.9483 367.083
84.2535 361.569
92.0514 355.068
95.3256 355.378
105.78 356.564
104.865 356.246
94.7081 356.088
91.3836 354.274
