149.31 237.23
161.057 226.909
177.194 224.56
193.582 226.651
209.911 230.677
244.1 232.147
251.21 227.391
258.911 223.374
267.258 223.291
275.445 225.068
229.313 257.143
235.417 271.333
241.639 285.69
248.201 301.421
220.335 325.017
230.177 326.097
239.766 326.144
246.85 324.379
252.622 321.962
168.737 266.053
179.999 258.755
192.288 257.081
201.796 266.404
190.82 270.655
179.205 270.902
242.23 263.685
250.02 254.393
259.724 252.234
267.738 259.008
261.369 265.823
251.989 266.687
206.559 363.967
219.081 356.656
231.083 349.627
244.79 350.113
250.751 347.218
256.42 350.82
259.255 356.953
256.341 364.054
251.137 368.712
244.478 371.159
231.538 371.989
218.944 369.538
229.731 360.645
243.867 360.309
250.438 358.27
249.886 357.863
243.166 359.59
229.55 361.39
