92.4435 178.346
99.8569 169.22
110.51 164.401
121.957 163.119
134.031 165.248
178.634 163.349
193.647 161.592
208.266 163.426
222.181 168.609
233.129 178.001
155.611 192.79
154.074 208.562
152.555 223.709
151.05 238.94
137.196 261.646
144.84 261.299
152.959 261.315
162.109 260.906
171.267 260.836
106.856 201.896
114.302 193.553
124.912 193.649
133.082 200.535
124.578 203.655
115.402 204.132
184.196 199.789
192.019 191.685
203.413 192.725
213.759 200.012
203.248 202.221
193.435 202.012
127.725 298.985
131.924 288.159
140.595 281.539
150.957 282.806
162.826 282.2
173.838 288.796
183.782 297.728
175.797 307.78
164.909 312.741
152.872 314.085
142.329 313.776
132.767 309.19
142.511 295.781
151.162 295.387
162.148 295.251
162.837 297.062
152.199 297.002
142.842 297.565
