95.6207 174.554
104.595 170.412
115.154 169.926
125.045 172.07
133.861 177.018
173.835 177.56
186.884 172.652
200.988 171.61
215.16 173.709
226.744 181.172
153.214 200.932
151.408 213.9
149.192 226.58
147.161 239.042
135.337 254.846
142.247 256.33
149.104 256.493
157.902 256.645
166.205 255.646
105.144 201.448
113.589 195.577
123.841 196.653
132.026 204.186
122.471 206.128
112.496 205.947
179.736 206.215
188.077 198.169
199.248 198.234
209.054 204.141
199.562 207.947
189.052 208.479
122.791 283.058
130.064 276.457
139.216 273.032
148.904 273.909
160.969 273.582
171.911 278.137
181.068 285.308
171.584 292.522
160.932 297.856
148.794 298.975
138.07 297.414
129.62 291.516
138.709 283.513
148.929 283.467
161.452 284.215
161.581 284.679
149.37 284.647
138.818 284.143
