111.428 180.971
125.42 167.007
144.179 159.686
164.097 159.988
182.899 165.125
227.086 167.893
241.903 163.485
257.517 163.407
271.879 169.453
280.584 181.852
208.555 200.485
210.856 217.575
213.613 234.194
216.007 251.078
189.724 271.322
200.715 273.155
212.092 273.922
222.137 274.319
230.762 273.591
137.045 206.777
148.501 200.049
161.178 199.27
171.191 206.378
160.607 210.059
148.381 210.113
233.912 210.244
243.058 202.738
254.806 203.241
263.019 212.595
253.675 214.73
243.112 213.348
171.073 307.057
185.156 300.414
197.79 293.426
211.632 295.677
222.383 294.814
230.513 301.986
238.632 308.969
230.017 317.467
220.072 322.312
208.525 323.732
194.859 322.221
181.858 317.069
195.586 305.196
210.215 306.438
221.089 306.397
220.737 307.839
209.66 308.429
195.296 307.007
