95.4086 144.134
104.286 139.069
114.184 136.528
124.406 136.163
134.605 137.789
175.532 133.436
190.749 129.609
206.342 128.843
221.684 131.903
233.179 140.157
154.719 161.569
152.495 173.545
150.375 185.424
148.69 197.45
136.837 217.526
143.764 218.99
151.102 219.668
160.647 218.334
169.632 216.172
107.582 167.93
115.518 163.13
124.944 163.014
133.716 168.061
124.968 170.667
115.666 170.647
186.825 165.177
194.666 157.937
205.208 157.432
215.518 162.295
206.152 166.402
196.157 167.084
127.519 249.183
132.225 239.794
140.68 233.85
150.947 234.814
163.93 233.434
176.11 239.155
187.403 247.153
176.24 254.188
164.721 258.246
152.012 259.468
142.367 258.705
134.175 255.393
142.416 246.586
151.459 245.229
164.46 245.932
164.686 246.19
151.875 246.009
142.805 246.416
