83.3375 215.104
87.8923 207.951
94.5778 205.345
102.895 207.822
110.135 213.006
134.117 209.697
150.363 204.926
167.768 204.916
183.321 211.322
193.807 223.518
120.461 234.482
114.336 250.228
108.367 265.159
102.739 281.129
103.309 300.611
107.601 301.833
112.565 302.19
119.794 303.625
128.231 305.414
94.4801 240.018
97.3048 230.663
106.658 231.088
114.53 239.987
106.179 242.25
99.0136 242.889
145.053 240.814
152.825 232.224
163.702 234.751
175.154 242.574
162.971 245.89
152.292 245.514
98.6286 333.697
98.9907 327.089
103.74 322.859
110.586 324.132
121.779 325.014
131.243 331.698
140.648 337.596
131.952 344.189
121.547 348.29
110.827 349.241
104.567 347.423
100.406 341.26
105.919 331.848
112.164 333.271
122.889 333.264
121.454 335.303
110.558 335.217
104.124 333.612
