150.686 212.356
163.445 204.425
178.495 201.95
193.641 202.549
208.272 205.94
245.791 210.103
252.856 207.549
260.497 207.3
268.175 208.81
273.711 215.164
229.376 240.159
233.701 253.958
239.071 266.99
244.558 280.007
220.741 302.665
230.237 303.627
239.993 303.791
245.819 303.326
250.799 302.039
172.224 242.264
183.866 235.401
195.678 234.816
202.897 243.991
193.343 246.075
182.666 244.856
241.239 246.268
249.784 237.889
259.605 237.252
265.814 245.577
259.03 248.796
250.119 247.756
203.831 336.324
214.865 327.935
227.102 322.518
240.198 322.438
249.693 321.467
257.638 326.338
260.468 334.17
255.796 341.584
248.478 344.99
240.22 346.198
227.579 345.814
215.238 342.724
228.077 334.239
239.915 333.778
246.456 334.038
246.029 332.85
239.547 333.282
228.302 333.149
