176.926 205.25
186.555 195.393
199.379 189.97
213.721 187.819
228.259 189.135
259.322 191.171
264.323 186.961
269.864 184.096
276.469 184.624
282.081 188.313
249.018 217.591
256.422 229.012
263.552 240.251
270.402 252.354
247.575 273.787
256.288 272.522
264.379 271.664
268.66 270.568
271.812 269.482
196.81 226.379
204.342 220.023
214.918 217.87
223.292 224.658
214.971 228.878
205.038 229.471
258.358 221.209
263.999 213.232
272.748 211.094
278.534 216.545
273.689 221.759
266.074 222.804
236.748 304.391
245.929 295.837
256.585 289.104
268.62 288.24
274.452 287.183
278.186 292.154
278.824 299.212
277.19 304.476
272.893 308.686
267.093 310.664
256.526 310.992
246.202 308.944
254.639 299.615
267.674 298.096
273.657 298.276
272.441 298.322
266.364 298.88
254.232 300.514
