148.264 145.916
162.067 136.03
178.097 131.779
195.073 132.905
211.238 137.094
240.418 138.91
249.291 135.03
257.827 132.215
266.419 132.609
275.283 136.71
230.382 166.867
235.702 181.849
241.532 197.283
247.12 212.386
224.891 231.273
233.794 231.915
242.381 232.176
248.217 230.456
252.715 226.817
169.439 171.327
179.617 163.681
191.269 163.529
199.909 172.512
190.502 175.866
179.228 175.456
246.927 170.676
254.615 161.698
265.143 160.363
272.519 168.723
264.785 172.297
255.594 172.556
209.367 266.628
218.432 259.213
229.378 252.35
242.385 252.242
249.498 250.222
256.054 252.985
259.978 258.553
257.851 269.175
251.558 275.946
243.256 278.894
230.281 279.077
218.623 275.154
229.826 263.846
242.439 262.28
249.351 261.07
249.312 263.036
242.397 265.411
230.331 266.203
