94.1184 153.108
104.544 143.022
118.449 137.48
132.704 136.491
146.719 138.286
198.233 130.825
211.679 127.151
225.524 126.422
238.774 130.103
248.358 138.273
179.124 163.972
181.543 179.782
183.994 196.282
186.633 212.805
166.423 233.661
176.625 234.708
187.958 234.911
197.926 232.659
207.481 230.208
111.391 178.921
122.006 169.503
135.734 167.902
148.29 175.001
136.605 179.815
123.676 181.328
206.424 169.395
215.398 159.692
228.311 158.078
240.332 164.813
230.442 170.859
218.118 171.625
151.895 273.684
162.182 261.712
174.71 253.842
189.187 254.817
203.07 252.15
216.218 258.169
227.623 268.124
218.218 278.602
207.021 286.376
193.106 289.219
178.183 288.274
164.61 282.415
174.103 268.842
190.525 267.402
206.22 266.21
206.23 269.258
191.188 271.723
174.144 270.836
