90.6659 184.476
98.4669 177.338
109.24 173.448
120.632 172.839
131.296 175.561
170.78 171.626
185.393 167.903
201.491 168.669
216.109 173.792
227.213 182.978
151.458 203.024
149.351 219.18
146.605 234.372
144.647 249.805
135.083 265.997
141.212 268.18
148.324 268.572
158.135 268.3
167.187 266.214
103.11 211.211
110.834 203.964
121.299 204.175
129.995 210.881
120.89 212.762
111.646 213.187
181.635 209.839
189.942 202.45
201.103 202.595
211.579 208.41
201.73 211.695
191.099 211.71
125.297 296.571
130.802 288.74
138.684 282.289
148.507 283.056
160.564 282.13
171.56 288.455
181.391 296.282
171.998 303.019
161.431 307.751
149.697 309.403
140.011 308.241
131.372 304.126
139.534 294.355
148.845 294.001
162.805 294.103
162.83 294.409
148.575 294.781
139.092 294.663
