136.237 229.819
145.269 220.43
157.266 215.412
170.284 213.927
182.964 215.119
233.196 216.673
241.971 215.056
250.918 215.777
259.131 219.28
265.172 226.371
212.585 250.894
215.887 263.617
219.409 275.937
222.18 288.906
200.03 313.129
209.343 313.709
219.317 313.882
226.674 313.261
233.518 312.175
151.231 254.455
162.278 247.684
173.284 247.289
181.343 257.207
171.622 260.259
161.014 258.974
233.553 256.704
242.428 247.686
252.528 246.213
260.562 253.688
252.656 258.308
243.165 259.085
184.761 348.29
195.996 340.348
207.494 332.977
220.63 334.52
230.031 332.261
237.59 338.153
242.215 346.659
236.618 354.619
228.028 359.135
218.327 361.207
206.306 360.371
194.591 356.782
206.56 344.601
219.255 344.795
228.111 344.834
227.686 346.548
218.883 346.9
206.505 347.092
