102.924 185.726
113.061 176.145
126.328 170.544
140.543 169.996
154.65 172.195
203.017 170.12
217.231 168.508
231.248 169.44
244.944 173.002
254.867 181.215
181.591 201.002
182.829 217.894
183.993 234.418
185.015 250.61
168.352 265.512
175.91 267.535
185.147 268.333
194.361 267.052
202.248 264.07
124.098 205.851
133.614 199.088
145.838 199.112
154.937 207.454
144.317 209.39
133.657 209.03
207.015 206.544
215.142 197.75
227.504 197.361
237.757 203.812
227.778 207.923
217.505 208.714
156.737 299.732
165.275 291.382
175.136 285.968
186.786 287.502
199.168 285.647
210.071 290.209
219.432 297.998
211.606 308.093
200.851 313.11
188.381 314.5
176.36 313.523
165.553 308.957
175.425 297.401
187.127 297.074
200.271 296.975
200.222 298.193
187.515 299.449
175.85 298.4
