79.269 169.28
83.39 166.196
88.7439 166.476
93.9231 168.499
98.8331 171.991
120.843 166.862
134.625 164.671
148.349 164.196
161.978 167.71
175.576 172.161
108.247 192.204
101.339 206.988
94.3375 220.969
87.7156 234.916
89.7636 251.713
94.5359 253.807
100.039 254.945
109.541 254.598
119.249 254.168
87.2746 197.067
88.7326 189.156
96.5673 189.599
103.304 196.718
96.7033 199.66
90.5288 200.016
138.416 198.229
144.853 190.289
155.018 191.967
166.55 197.889
155.898 201.644
145.76 202.39
90.1865 282.204
89.5498 277.674
93.573 274.1
99.4766 275.542
112.679 275.691
125.261 280.016
137.414 286.117
125.129 290.342
112.845 291.97
100.592 292.239
95.8363 290.409
92.1385 287.074
96.3142 281.906
100.98 282.834
116.036 283.179
115.79 283.294
100.504 282.422
96.1147 281.35
