86.666 229.688
91.6684 228.652
96.8496 230.657
101.855 233.454
105.945 236.931
135.597 234.643
148.443 230.376
162.561 228.763
175.895 231.212
187.106 238.586
119.929 260.108
114.637 273.145
108.451 285.841
102.192 299.309
101.501 312.785
104.879 314.901
109.318 316.252
116.993 316.113
124.909 314.928
93.1596 256.973
97.9522 252.055
105.457 253.413
111.457 260.138
104.758 261.843
98.0143 261.06
146.721 261.625
153.653 254.5
163.026 255.341
171.219 259.195
163.557 263.433
154.035 264.104
94.6831 337.003
96.2206 332.539
100.954 330.901
106.656 331.886
120.791 332.912
133.631 337.359
146.378 342.295
133.905 347.305
120.623 348.433
107.552 347.393
101.612 345.474
96.8386 342.326
103.072 338.192
107.66 338.574
121.961 340.431
120.89 339.48
106.865 337.741
103.224 337.417
