144.952 237.874
154.598 226.424
169.782 220.691
184.98 217.975
199.873 219.181
241.798 214.133
248.77 210.993
256.883 210.051
264.438 210.867
270.172 215.651
229.076 251.223
233.584 263.232
238.642 275.229
243.332 287.209
224.703 310.929
234.545 310.286
244.231 308.899
251.833 306.87
257.846 304.121
168.708 258.932
179.65 251.611
191.474 249.339
200.387 255.921
191.522 262.014
179.83 263.283
244.243 251.632
252.617 242.829
262.305 240.1
269.833 245.52
265.272 252.769
254.926 254.358
215.338 345.071
226.329 335.084
237.565 327.2
250.616 324.974
258.916 322.727
266.185 327.008
270.339 334.827
267.141 341.199
261.245 345.647
253.631 348.068
240.984 350.286
227.861 349.377
236.741 337.88
251.738 334.264
260.151 332.89
259.728 333.973
251.313 336.094
236.616 339.327
