84.6905 203.307
95.3428 194.525
109.589 190.565
124.192 191.451
139.21 195.37
172.77 194.299
188.805 189.363
205.733 187.633
222.88 190.862
236.568 199.528
158.581 216.502
155.837 233.202
153.077 249.82
150.092 266.488
132.469 281.555
141.219 284.7
151.01 285.85
164.593 284.948
177.235 282.186
102.861 228.437
112.929 221.508
125.06 221.392
134.9 228.738
124.34 231.658
113.027 231.833
186.926 227.306
195.643 219.632
207.827 219.204
219.554 224.747
208.854 228.914
197.73 229.143
121.068 313.23
129.718 305.852
140.145 301.872
150.774 304.497
166.139 301.821
181.547 306.83
196.415 313.83
184.313 324.592
169.288 331.126
152.735 332.978
139.416 331.301
128.607 324.804
138.904 312.644
151.685 314.472
170.742 313.568
170.871 313.914
151.597 314.993
138.778 313.021
