146.564 227.253
158.54 218.102
173.534 215.62
188.978 216.798
203.534 220.54
236.699 224.934
243.915 221.602
251.661 218.994
260.075 218.565
267.015 222.395
223.456 246.693
227.558 258.171
231.881 269.439
235.732 280.822
215.703 301.08
223.731 302.495
231.842 302.295
237.335 301.633
242.493 300.027
167.927 250.126
178.179 244.059
188.592 243.615
194.976 251.413
186.782 255.258
177.148 254.467
239.2 252.299
245.11 244.637
253.455 243.109
258.695 249.368
254.548 254.593
246.843 254.619
201.102 334.975
211.987 327.899
222.63 320.889
235.244 320.779
242.979 318.841
249.237 323.632
251.427 331.274
248.54 340.321
242.405 346.689
233.584 349.221
221.238 348.85
210.117 344.02
224.369 331.851
234.212 331.367
239.12 331.133
239.072 332.235
233.764 333.392
223.897 332.889
