185.133 211.012
196.548 202.471
209.219 199.257
222.716 199.076
234.861 204.066
261.814 208.429
266.196 203.857
271.235 202.972
277.51 205.297
282.978 211.35
250.505 235.883
260.038 252.279
269.934 267.795
279.24 284.662
249.23 305.627
258.516 308.11
266.239 307.484
272.592 306.218
276.785 301.795
197.121 239.13
207.415 233.205
217.754 232.032
222.904 241.433
216.122 243.955
206.505 243.316
259.29 240.918
264.085 235.128
271.367 235.113
274.269 241.744
270.719 243.901
264.604 243.613
224.98 346.51
238.996 336.615
253.406 330.564
266.894 330.488
272.751 328.296
275.421 332.864
273.798 341.671
273.804 347.849
270.709 353.152
264.198 356.223
250.703 356.228
237.326 353.424
248.878 341.281
264.993 339.909
271.136 339.009
269.79 342.757
263.655 344.007
247.9 345.559
