179.672 200.862
192.498 194.597
205.769 191.461
219.527 191.422
232.858 194.645
255.017 198.574
259.289 195.629
264.208 194.038
269.745 194.831
273.843 199.56
245.021 222.201
252.599 234.96
259.904 247.229
266.427 259.83
237.014 276.344
245.617 277.972
253.849 278.91
258.858 278.355
263.454 276.21
194.921 223.174
204.697 219.376
213.612 218.761
218.437 226.264
212.18 228.79
203.36 227.6
250.88 226.374
256.248 220.328
264.176 220.202
266.509 226.656
262.08 229.818
256.277 229.256
217.543 304.053
229.023 297.625
241.057 293.174
254.085 293.846
260.01 293.169
263.076 297.256
261.053 302.641
260.451 308.251
257.12 313.215
251.828 315.432
238.953 314.186
228.173 310.176
238.897 303.168
251.716 303.823
255.703 302.985
254.941 304.291
251.013 304.579
238.685 304.351
