133.089 202.417
144.937 193.869
159.448 190.421
173.947 192.177
187.627 197.513
224.682 199.666
235.423 196.604
246.585 196.646
257.249 200.19
264.321 208.622
205.621 224.522
206.8 237.482
208.493 250.623
209.944 264.009
190.585 280.338
198.604 282.105
206.709 283.061
213.051 283.005
219.562 282.235
148.211 226.175
159.189 220.694
170.58 220.943
177.501 229.02
168.107 231.829
157.376 231.059
225.354 231.039
233.425 224.087
243.924 223.261
251.512 230.18
243.689 234.733
234.213 234.256
168.382 310.108
181.458 306.145
193.383 301.614
205.563 303.093
214.275 301.839
221.817 306.68
228.535 312.498
222.634 321.833
213.424 326.671
203.179 326.819
190.281 325.313
178.224 319.698
190.336 311.293
204.682 311.769
214.937 312.318
214.982 314.025
204.585 313.381
189.895 312.718
