107.286 198.517
118.09 191.74
131.22 189.724
144.007 191.021
156.617 194.227
203.24 196.058
213.955 192.979
225.192 192.315
236.217 193.654
245.086 199.661
180.878 222.679
181.227 237.722
181.727 253.292
182.016 268.821
163.734 286.634
172.059 288.655
181.417 289.485
190 288.765
197.582 287.008
121.078 221.137
131.091 215.998
142.58 217.381
150.762 225.483
140.336 228.091
129.396 227.138
206.434 227.801
214.403 220.515
225.341 219.457
235.342 225.145
226.094 230.913
215.61 231.2
147.715 319.957
157.777 312.777
168.305 307.981
179.508 310.473
190.492 307.809
201.201 311.979
212.077 318.738
203.175 328.035
192.036 333.497
180.155 335.389
167.897 334.288
156.365 329.214
167.922 320.243
179.908 320.598
191.864 320.017
191.872 319.87
179.912 320.749
167.809 320.379
