90.7188 157.871
95.1153 153.88
100.092 152.306
104.819 154.981
108.929 159.075
136.692 154.853
146.429 151.95
156.927 150.861
167.799 152.818
176.954 159.325
116.369 180.14
108.863 193.211
101.414 206.036
94.1859 219.309
95.1141 239.04
99.2082 241.431
104.563 242.364
111.556 243.12
118.699 242.593
95.1132 186.916
100.137 180.557
107.081 181.372
110.458 188.598
104.888 191.57
99.1669 191.358
141.572 188.63
148.818 181.444
158.298 182.906
165.73 188.889
157.242 193.438
148.032 193.439
91.8635 273.978
89.6811 263.795
92.8615 256.233
98.622 256.288
111.159 258.246
120.674 266.588
127.467 276.882
118.534 282.181
107.663 283.938
97.9713 283.856
93.4534 282.384
91.0144 278.425
96.0452 268.416
99.6255 267.061
112.345 269.09
110.986 273.81
98.7721 272.65
95.8882 272.485
