167.987 226.332
179.046 215.228
193.961 210.54
210.4 210.673
225.78 213.746
251.246 216.985
255.653 213.322
261.473 211.662
266.803 213.496
270.377 218.89
240.765 244.521
247.711 257.302
254.755 269.138
261.237 281.216
234.768 301.589
243.771 301.755
251.464 301.785
255.282 301.505
258.767 300.992
187.202 247.859
197.146 244.579
207.13 243.226
214.706 250.156
205.32 252.771
195.797 251.983
246.331 250.71
253.32 243.797
261.221 242.064
265.74 248.6
261.23 251.659
253.892 251.818
220.403 336.217
229.517 327.094
239.358 319.535
251.487 318.512
257.664 318.35
261.186 324.713
260.05 331.587
258.853 338.526
255.31 343.013
250.02 345.509
239.19 345.048
229.254 341.835
238.607 330.797
249.527 329.434
255.495 330.134
254.772 330.606
249.595 331.645
239.016 332.069
