126.621 192.124
140.016 186.731
155.301 185.044
170.289 186.504
185.121 190.388
222.975 189.767
235.508 186.408
248.095 185.305
260.263 187.276
269.23 193.876
203.378 215.217
204.455 230.624
205.564 245.282
206.854 260.102
187.248 275.185
196.305 276.794
205.488 277.26
213.186 276.621
220.276 275.067
145.079 216.452
156.162 211.617
166.948 211.89
175.319 219.68
164.81 222.556
154.444 221.394
222.797 221.155
230.894 212.995
241.969 211.927
251.995 218.584
243.081 223.765
232.804 224.087
173.07 307.019
182.768 300.478
193.508 295.537
205.178 296.69
214.853 295.452
222.76 300.833
228.481 308.678
221.196 314.665
212.803 317.89
203.139 318.954
192.246 317.162
182.299 312.914
193.189 303.713
204.358 304.72
212.957 304.129
213.002 305.458
204.003 305.343
192.919 304.792
