121.051 199.279
134.763 190.782
150.985 190.023
166.354 193.953
180.741 200.425
221.5 202.468
233.986 196.198
247.824 192.079
261.886 192.413
273.003 199.794
203.298 228.605
205.033 245.651
206.924 262.662
208.652 279.187
188.465 296.205
197.382 298.927
207.551 299.908
215.898 298.551
223.811 295.695
138.824 228.894
150.778 221.039
164.444 221.123
173.13 231.587
161.857 235.474
149.33 235.124
227.428 231.419
236.496 222.418
249.147 221.044
258.701 228.084
250.002 234.871
238.107 234.33
169.685 328.61
181.493 321.961
193.953 317.248
207.927 319.175
218.021 316.834
227.938 320.334
238.178 325.567
230.383 336.581
219.195 343.738
206.644 345.433
192.275 344.493
179.132 339.095
193.596 329.087
207.692 329.455
219.114 328.564
218.689 329.248
206.658 329.767
192.434 329.615
