93.4711 177.631
97.7998 171.255
103.58 170.73
108.654 174.758
112.667 179.536
133.394 174.85
147.731 172.114
162.537 171.96
176.301 176.353
184.844 186.978
118.907 210.913
112.676 222.813
105.687 234.496
98.3571 247.016
95.4371 266.972
98.9023 267.969
102.545 268.357
109.419 269.156
117.542 269.734
95.2401 208.033
100.846 202.904
108.035 205.553
112.711 213.123
106.055 213.992
99.0225 212.953
142.648 212.351
148.225 205.571
157.383 206.616
166.691 210.374
158.479 214.854
149.537 214.7
92.2698 296.224
91.7427 288.321
94.7384 282.603
99.8036 283.229
111.232 285.584
120.092 292.548
128.9 300.018
119.772 307.708
108.913 311.961
97.6088 311.569
92.1954 308.24
90.2729 302.879
96.5633 293.386
100.027 293.457
111.028 294.861
109.673 298.522
99.1283 297.85
95.773 296.424
