125.01 169.018
138.124 160.782
153.515 156.583
168.921 156.383
182.953 160.043
221.776 157.601
233.126 152.842
244.695 152.23
256.125 155.947
265.198 163.4
205.362 186.333
208.809 202.507
212.795 219.004
216.819 234.972
193.504 252.415
203.168 254.206
213.986 254.473
222.5 253.262
230.369 251.402
142.664 195.979
152.909 188.664
164.932 187.521
175.369 194.603
165.028 198.772
153.456 199.288
229.458 192.951
239.17 186.262
249.479 185.238
258.038 192.251
249.39 195.877
239.439 195.534
175.569 288.223
188.038 279.191
201.303 272.929
215.672 273.152
226.282 272.066
235.79 277.364
244.119 284.415
237.241 294.991
227.286 302.479
215.317 304.897
200.889 303.707
187.775 297.642
198.237 286.042
215.64 285.143
228.672 285.111
228.305 287.249
215.133 288.546
197.772 287.872
