73.4632 222.51
76.5193 219.65
80.6558 218.68
85.1437 220.597
89.4956 223.162
123.791 214.071
137.801 209.764
152.189 208.604
166.381 211.48
177.981 220.263
110.122 249.821
105.508 262.529
100.365 274.499
95.6542 286.801
103.108 307.594
105.97 307.558
109.996 307.511
117.435 306.537
124.687 306.48
86.4989 249.791
89.4586 244.055
96.8409 245.871
103.86 251.176
96.8534 253.823
90.3648 253.625
140.719 246.846
146.422 239.019
156.948 239.924
167.403 243.268
158.629 247.929
149.321 249.342
104.37 336.4
102.307 329.51
104.919 324.153
109.587 324.855
123.43 324.158
136.931 330.008
149.944 336.281
139.831 343.843
127.97 348.269
115.586 349.657
109.894 348.263
105.338 344.502
109.618 335.075
112.891 335.185
127.668 334.485
127.786 335.776
113.342 336.047
109.181 335.704
