84.8963 161.316
88.8145 156.773
93.896 157.391
98.8255 159.44
103.582 162.626
125.541 153.078
140.687 147.679
156.678 145.816
171.855 149.13
184.835 157.531
113.539 187.327
107.736 200.845
101.245 213.447
94.861 226.553
96.1898 244.294
99.5018 246.529
104.19 247.303
111.576 246.737
120.196 246.285
90.6709 189.47
93.6608 182.356
101.43 183.548
108.869 190.117
101.27 193.057
93.9777 193.24
139.486 188.104
144.469 179.417
153.893 180.217
165.766 184.27
155.908 189.255
146.168 190.179
98.4683 277.956
95.9286 270.528
98.5734 264.32
104.717 264.038
117.85 264.261
130.245 269.737
142.709 276.233
132.473 283.925
120.959 288.722
108.967 290.497
103.233 289.069
99.7416 283.96
102.28 274.868
107.472 274.641
121.421 274.224
120.94 275.972
107.391 276.753
102.562 276.176
