72.8536 202.911
79.7206 201.49
85.8873 203.339
91.8909 207.637
96.2821 213.484
117.08 208.568
137.086 204.585
157.083 205.662
174.163 214.135
188.038 227.689
104.605 244.615
97.8002 258.389
90.0948 271.277
82.1767 283.606
86.0879 303.954
87.215 305.905
90.1302 307.524
98.8375 308.658
106.969 308.404
78.903 240.968
84.3261 236.489
92.0174 238.165
98.8286 244.972
90.7573 247.091
82.5694 246.191
134.883 247.524
142.289 238.904
152.592 240.302
163.019 245.255
153.273 249.993
143.313 249.995
80.3456 335.896
81.5915 331.932
84.5425 328.62
88.8476 329.71
101.144 330.738
112.981 336.675
124.775 342.887
112.951 346.422
99.7854 347.569
87.7358 345.501
83.5965 343.91
81.2533 340.53
85.6425 336.842
88.9129 335.928
102.439 337.954
101.883 339.068
88.2327 337.59
84.6306 336.732
