83.4029 164.933
86.4933 159.024
91.7816 159.463
97.088 162.425
101.763 166.783
131.849 162.149
145.362 157.171
159.802 156.113
173.246 159.424
184.454 168.301
115.937 194.728
110.576 203.663
104.967 212.032
100.035 221.286
99.3623 242.39
102.544 243.377
105.856 243.396
114.033 242.919
122.257 242.107
89.3604 194.748
92.3544 188.499
100.651 190.314
108.257 196.654
100.958 199.141
93.2977 199.194
144.336 197.451
149.899 189.61
160.058 190.546
170.053 195.811
161.077 200.115
151.45 200.874
92.4633 267.591
92.1635 260.705
96.6342 255.441
103.662 256.023
116.709 256.918
127.992 262.056
139.343 268.83
128.615 275.259
117.226 279.047
105.334 280.36
98.9099 279.299
93.8604 274.303
99.4865 266.471
104.805 265.841
118.364 266.279
118.688 268.469
104.575 269.059
99.2021 268.359
