103.201 197.494
116.157 189.669
131.172 188.489
145.694 192.041
159.206 198.205
198.899 196.802
211.785 190.676
225.608 187.367
239.867 188.319
252.151 195.024
180.144 223.901
180.364 239.816
180.556 255.552
180.39 271.412
162.551 287.923
170.85 289.369
180.3 290.126
189.913 289.234
198.664 287.697
120.853 223.189
131.427 216.337
143.792 216.809
153.144 226.023
142.028 228.592
130.507 227.762
205.448 225.366
214.019 215.862
225.78 214.564
236.721 220.634
227.144 225.822
216.057 226.994
149.294 322.729
158.575 314.934
169.164 309.85
180.905 310.546
192.879 309.216
204.044 313.674
213.821 320.549
204.36 328.701
193.135 332.873
181.078 334.082
169.298 333.227
158.684 329.697
170.792 320.436
181.008 320.24
191.812 320.014
191.681 320.732
180.938 320.427
170.476 320.855
