92.55 222.795
102.29 216.394
113.784 214.475
124.898 215.983
134.929 220.589
172.284 217.538
186.323 212.816
201.103 212.086
215.099 216.766
226.082 226.472
153.451 245.947
151.346 260.921
148.653 275.546
145.901 290.517
130.834 302.323
138.499 306.205
147.03 308.023
157.313 307.257
166.93 305.084
105.611 250.381
113.816 245.009
123.994 245.457
131.772 251.925
123.045 254.802
113.457 255.086
179.946 252.531
188.482 246.349
198.949 246.791
208.668 251.565
198.553 256.353
188.484 255.964
120.673 332.631
128.224 325.704
137.195 321.558
146.546 323.199
157.578 323.021
167.085 328.925
175.506 336.758
166.351 343.055
156.374 346.898
146.041 346.903
136.234 345.469
127.685 340.486
135.612 331.158
145.991 331.9
157.858 332.814
157.843 333.446
146.182 333.043
135.658 332.142
