156.479 199.393
169.454 192.355
184.378 190.378
199.311 193.192
213.271 199.262
245.586 200.882
254.656 194.985
264.357 191.613
274.817 191.532
283.097 196.996
232.285 225.959
236.778 240.78
242.004 256.039
246.811 271.794
221.696 291.154
231.043 292.228
240.923 292.363
247.614 291.093
252.147 287.787
170.857 226.521
182.759 219.963
195.423 219.844
202.513 228.875
192.725 232.61
180.435 231.755
249.254 228.91
257.078 220.131
267.158 217.867
274.256 223.641
268.865 230.269
259.236 230.594
197.568 323.469
210.084 317.141
224.008 311.579
238.574 312.067
245.871 310.404
252.431 313.05
256.661 317.962
252.797 330.272
246.103 338.431
235.721 342.093
220.65 341.282
207.422 334.677
220.841 322.901
236.801 321.921
245.124 321.539
245.16 323.006
236.206 324.722
220.326 325.347
