83.3452 159.627
92.5453 158.276
101.163 160.643
109.134 165.033
116.319 170.034
146.268 169.013
161.652 163.711
178.034 161.77
194.107 164.732
207.438 173.141
128.349 189.812
123.943 204.952
119.35 219.583
114.684 233.889
107.195 249.314
113.166 253.317
120.019 255.156
129.969 255.528
139.778 254.082
89.4423 187.862
96.4376 183.832
104.76 185.019
111.742 191.939
103.614 192.703
95.583 191.567
158.555 194.077
167.415 188.885
177.184 190.174
187.711 194.609
177.666 197.534
167.266 197.077
96.1064 278.445
102.559 274.818
109.533 273.132
115.978 275.622
129.795 276.055
141.974 281.985
154.749 287.19
142.483 292.714
129.094 295.025
115.04 294.581
106.683 291.587
100.668 286.12
107.822 282.042
116.54 283.828
131.517 285.034
130.742 285.656
115.618 283.656
107.559 282.008
