74.8152 162.885
79.9359 158.386
86.5704 157.542
93.3691 159.743
99.4712 163.962
139.417 156.7
156.35 151.692
174.513 151.864
191.719 155.246
206.491 164.39
116.646 189.808
110.99 205.292
105.237 220.745
100.072 236.466
98.5086 256.301
102.695 259.433
109.104 260.862
119.603 260.133
129.7 257.939
82.2323 196.655
85.4252 187.678
94.9506 187.361
103.294 194.735
95.7771 197.936
87.597 199.405
153.686 193.195
162.547 185.288
173.653 186.603
183.713 193.292
174.121 196.66
163.058 196.793
92.0077 295.773
93.2366 285.493
100.306 278.665
109.197 279.142
123.596 278.897
135.752 286.702
146.99 295.713
135.552 303.365
122.392 307.586
109.154 308.478
101.609 307.316
94.8628 303.552
102.53 291.313
110.795 291.232
123.779 292.195
122.864 292.903
109.853 293.042
101.568 291.8
