111.519 179.249
122.05 173.488
134.774 172.571
147.537 174.396
159.261 178.533
199.167 175.581
211.188 171.62
223.503 171.584
235.449 174.631
243.633 182.131
178.962 204.497
178.99 220.417
179.069 236.031
179.393 251.797
163.382 267.211
170.36 267.769
178.04 268.089
186.291 267.706
193.629 267.152
122.287 207.176
131.678 200.532
143.593 201.593
152.284 209.172
141.833 210.52
131.529 210.499
203.264 210.345
211.26 202.673
222.532 201.318
231.897 208.564
222.906 211.743
212.82 211.355
148.294 298.23
158.529 292.21
168.715 286.241
179.67 288.61
190.287 286.218
199.749 291.556
208.54 297.693
200.192 305.059
190.104 309.555
178.866 310.04
167.786 309.556
157.457 305.612
167.15 297.296
179.232 297.398
190.95 296.943
190.725 297.934
178.774 297.88
166.704 297.891
