101.559 229.49
114.583 219.943
132 217.704
148.728 219.949
164.58 224.587
196.725 225.854
212.687 222.477
229.423 222.171
245.835 226.167
256.515 238.206
179.243 254.429
178.629 271.152
178.493 287.932
178.087 304.477
158.096 317.574
167.663 320.359
177.715 321.683
187.46 320.862
196.409 318.039
116.947 254.08
128.141 246.966
142.026 248.333
151.671 257.633
139.531 260.176
127.061 259.621
205.378 260.026
215.484 251.924
229.028 251.64
239.554 259.896
229.058 263.868
216.937 263.24
143.775 347.105
153.535 338.647
165.682 334.598
178.133 336.236
189.874 334.623
201.243 339.083
211.125 346.732
202.679 357.006
191.351 362.05
178.981 362.991
165.843 362.279
153.018 357.37
163.512 344.948
178.248 345.17
192.303 344.935
191.645 346.685
178.408 347.528
164.159 347.249
