113.062 177.761
123.328 170.743
135.94 168.931
147.802 171.372
159.227 175.42
209.72 179.201
220.799 175.813
232.197 173.993
243.584 177.34
252.158 185.581
182.826 204.387
183.484 217.952
183.939 231.692
183.913 245.269
166.974 259.429
174.436 261.397
182.385 262.523
190.097 262.097
197.156 261.108
127.659 200.757
137.76 194.925
148.298 195.999
156.382 204.972
146.162 206.361
136.182 205.588
205.835 208.662
214.622 200.478
225.545 200.261
235.151 206.681
225.939 210.675
216.121 211.373
151.074 290.082
161.23 285.761
171.243 281.962
181.635 283.83
191.625 283.186
200.189 288.006
208.014 293.369
199.627 298.113
190.134 300.594
180.097 300.576
169.76 299.459
160.032 295.831
170.717 289.179
180.774 290.529
190.216 290.678
190.004 290.647
180.37 289.964
170.352 289.149
