108.955 226.03
118.042 219.458
130.224 217.641
142.996 217.495
155.215 220.173
198.063 219.979
212.016 215.711
226.402 214.207
240.428 216.318
250.926 224.248
178.933 245.855
178.873 263.384
178.91 280.341
178.743 297.058
165.733 312.918
172.28 313.82
179.073 313.873
186.352 313.22
192.991 311.139
123.102 253.652
132.064 246.745
143.408 246.458
152.289 254.071
142.64 257.593
132.122 257.439
205.306 253.111
214.562 245.723
226.205 245.265
235.832 251.614
226.64 256.292
215.677 256.144
150.344 348.409
158.704 340.982
169.054 336.846
180.322 338.354
191.769 335.892
202.534 338.951
212.191 345.032
205.606 357.631
194.563 364.808
180.864 367.109
167.718 366.281
156.592 359.935
167.704 347.162
180.841 346.577
193.941 346.059
193.702 347.539
180.319 349.664
166.817 348.415
