202.869 246.195
211.775 235.584
223.488 229.104
236.03 226.885
248.502 228.421
259.855 233.24
261.773 227.961
264.333 223.103
268.27 220.973
272.016 222.57
258.625 257.442
265.104 270.345
272.092 281.611
279.082 293.071
257.82 314.635
266.345 314.358
272.897 313.173
276.852 312.263
279.421 308.76
218.294 263.6
225.821 258.442
232.954 256.838
238.285 262.114
234.464 267.325
227.43 268.504
260.333 257.247
261.92 251.85
265.815 248.798
269.539 251.71
268.986 257.491
265.048 259.212
247.321 349.315
256.603 341.562
265.569 334.483
275.591 331.085
278.628 328.849
280.389 331.633
280.5 335.963
279.421 342.135
277.414 348.262
273.723 352.829
265.177 354.677
255.27 353.218
264.007 341.38
273.273 337.8
275.18 337.076
275.169 340.631
272.428 342.856
263.437 346.257
