82.4334 177.091
87.3059 175.593
92.6781 175.982
97.7213 180.037
100.964 185.256
127.267 180.325
144.163 175.279
161.742 173.393
178.568 178.036
191.466 189.938
112.915 209.931
105.691 223.523
97.8467 237.392
90.1611 252.393
87.0607 273.903
94.8242 276.414
102.858 277.859
111.06 278.185
121.59 277.461
86.4281 210.465
91.2405 202.429
100.289 203.987
106.076 213.045
98.5916 216.152
90.6104 215.421
146.213 215.719
152.958 204.87
164.989 205.158
177.23 211.906
166.63 218.144
154.651 218.919
88.7707 308.59
89.3298 301.832
94.6825 298.169
101.184 298.419
116.879 300.41
131.925 305.324
146.672 311.417
132.981 319.169
117.932 323.539
102.281 323.761
94.049 320.851
88.5961 316.099
96.41 308.698
102.69 309.582
120.983 310.296
120.537 310.822
103.162 309.599
96.902 309.364
