146.856 217.89
157.713 204.249
173.669 196.899
192.295 198.153
209.65 203.095
238.805 204.343
243.845 199.115
250.613 195.62
258.203 195.786
265.617 199.453
227.946 230.571
233.477 244.557
239.286 258.304
244.392 272.965
218.794 294.329
228.791 294.298
237.349 294.615
243.503 292.719
248.948 290.538
169.119 236.763
178.711 229.259
191.249 227.376
200.659 236.764
190.516 239.75
178.789 239.801
239.346 233.988
246.441 225.617
255.133 223.228
261.652 229.492
255.577 234.612
247.41 235.713
201.895 332.044
214.809 323.696
227.173 316.48
241.013 315.52
248.898 314.177
255.009 319.184
257.505 326.453
252.023 332.043
246.732 336.182
240.346 338.872
227.703 339.787
215.072 337.411
227.725 326.307
239.187 324.782
245.399 324.355
245.158 324.687
239.442 327.169
227.558 327.625
