88.4996 216.337
93.1237 213.212
98.2506 214.092
103.609 217.49
108.811 221.128
127.677 216.31
141.965 213.526
156.581 212.676
170.919 216.673
181.944 224.913
119.447 247.922
112.587 263.197
105.874 278.347
99.7533 293.654
101.957 308.227
104.215 310.379
107.297 311.506
114.245 312.691
122.062 313.609
95.2207 244.745
98.3075 237.151
107.044 239.213
112.66 248.385
105.241 251.203
98.3682 250.313
144.71 250.765
150.284 239.457
160.605 240.491
170.022 248.524
160.616 254.18
151.205 254.437
99.3394 342.208
98.9939 338.05
101.914 333.664
105.987 335.709
119.506 336.583
132.426 342.72
145.358 348.736
134.854 356.213
122.428 362.02
108.48 362.58
102.26 358.664
99.4907 350.431
104.366 342.555
107 343.816
122.123 345.854
123.393 349.088
109.099 347.914
105.367 345.061
