168.656 266.847
177.572 260.091
188.153 257.756
199.321 257.608
209.903 260.199
240.492 261.879
245.624 260.308
250.73 259.037
255.708 259.728
259.393 263.139
227.872 282.028
233.462 294.366
239.645 305.752
245.597 318.078
224.093 335.484
231.415 335.927
238.395 335.948
243.02 335.349
246.468 334.281
180.178 283.92
189.373 279.591
198.598 280.353
204.986 287.081
196.849 289.46
188.057 288.476
236.898 289.043
243.151 283.235
250.556 282.312
255.298 287.348
249.959 290.448
243.681 291.155
206.381 363.871
217.082 356.002
228.856 349.569
241.312 349.279
247.62 348.323
251.833 353.749
250.711 362.279
247.513 367.369
243.717 372.069
237.735 374.456
226.365 373.955
216.079 369.779
225.611 360.855
239.87 360.016
243.292 359.755
242.44 360.969
238.757 361.093
225.718 361.854
