122.854 222.876
137.268 213.683
154.081 210.023
170.691 210.714
186.758 214.468
221.439 213.761
233.049 209.272
245.293 207.482
257.08 209.909
266.475 216.361
206.571 239.196
209.355 255.598
212.192 272.053
214.963 288.397
191.579 305.466
202.015 306.986
213.404 307.281
221.968 305.984
229.303 303.285
145.127 245.741
155.327 239.949
166.686 239.639
176.922 246.383
166.15 250.525
155.03 250.484
226.294 244.664
235.024 237.547
245.646 236.518
254.873 242.687
246.367 247.794
235.874 247.841
180.331 336.602
190.876 329.698
201.644 324.236
213.93 325.812
222.652 323.212
230.628 327.289
238.008 333.019
231.515 341.925
223.583 348.086
213.344 349.779
201.122 349.435
189.909 344.759
200.092 333.943
213.259 334.416
223.388 332.852
223.123 333.81
213.066 335.553
200.035 335.168
