75.5967 134.751
81.5386 130.874
88.3088 131.485
94.2671 134.96
99.7691 140.216
119.815 133.464
135.686 124.97
153.057 121.914
169.981 124.721
183.76 134.668
108.77 158.902
104 172.136
99.4054 185.416
94.7643 198.463
91.1259 215.347
96.3785 217.202
102.158 217.906
111.807 217.873
121.295 217.793
82.801 162.035
87.301 155.314
95.1658 156.307
101.939 163.479
94.0758 165.785
86.9601 165.833
140.066 161.993
145.651 153.215
156.116 153.506
166.752 159.413
157.244 163.373
147.481 164.304
89.1507 249.29
90.3859 242.903
94.9249 239.297
100.585 240.099
115.388 240.253
129.155 245.533
142.919 250.784
129.958 258.575
116.616 263.453
101.864 265.146
94.9403 263.056
90.7002 257.548
96.6742 250.75
101.527 251.185
117.153 251.053
116.898 251.32
100.859 250.789
96.3137 250.472
