168.804 220.931
179.419 210.425
193.003 204.214
207.639 201.091
222.356 201.051
253.514 201.99
257.953 199.498
263.468 198.827
269.066 199.946
273.699 203.978
244.663 231.908
252.345 246.048
259.538 260.327
266.635 274.919
243.489 295.097
252.001 296.468
259.938 296.139
266.086 294.434
270.241 291.009
191.921 239.569
200.397 234.365
209.749 232.059
216.988 238.119
209.444 241.106
200.548 241.365
253.474 234.213
259.581 227.023
267.667 225.064
271.521 231.542
267.646 234.284
260.64 235.23
226.748 331.837
237.778 322.753
250.106 315.544
263.736 314.669
269.466 311.835
275.285 314.907
276.104 322.524
276.059 330.46
271.549 335.111
265.179 337.656
252.385 339.455
238.449 338.321
250.132 326.239
263.681 324.482
269.327 323.243
269.356 324.774
264.188 326.383
251.262 328.149
