72.6235 185.318
77.3956 183.91
83.1158 186.117
89.0263 191.103
93.6439 196.286
113.557 188.505
129.48 181.7
146.608 179.348
163.189 184.298
175.449 196.033
104.124 216.171
97.632 231.521
90.746 246.376
83.2831 261.966
86.7252 279.96
91.3604 281.602
96.1211 282.621
103.386 281.849
112.645 281.583
78.0163 216.333
80.8358 209.799
89.5754 212.432
95.5163 219.823
88.724 221.947
81.7271 221.607
133.338 220.04
137.142 210.573
148.189 210.15
159.876 215.534
150.748 220.709
140.409 222.025
92.5061 312.943
90.0593 307.577
92.8913 302.82
97.8641 303.401
112.017 302.205
125.814 307.079
138.361 312.405
127.745 321.114
115.219 326.476
101.451 328.204
95.7988 325.524
92.9962 319.969
95.3361 312.845
101.334 313.06
118.217 313.221
117.328 314.371
100.996 314.805
94.6588 313.229
