59.6755 173.628
64.9793 169.347
71.6788 168.786
78.4208 171.048
85.9543 174.622
117.925 166.81
135.788 162.245
154.961 161.798
172.487 168.761
187.737 179.329
98.1699 192.569
90.6145 207.412
82.4554 222.297
74.6807 237.458
76.3371 258.324
80.8378 260.903
86.9522 261.723
95.7681 261.95
105.408 261.715
70.8793 198.854
73.3806 189.195
82.5964 190.514
91.4625 198.603
82.9862 201.19
75.3054 202.32
135.331 197.508
142.807 187.737
154.713 189.323
168.367 196.685
155.773 200.734
144.071 201.281
78.8826 293.549
76.4871 287.227
80.113 282.323
86.3069 282.817
100.659 283.41
115.124 288.676
131.008 294.112
118.873 303.217
105.4 308.164
90.4223 309.527
83.4018 306.497
79.7418 300.508
85.4751 293.605
89.1409 294.225
104.683 294.589
105.066 296.205
90.1777 296.253
85.6103 295.468
