92.2363 245.067
99.5347 238.381
109.771 236.642
120.007 238.479
129.63 242.237
172.295 243.117
184.568 240.168
196.824 239.345
208.959 242.48
218.489 250.503
149.583 266.959
147.514 279.584
145.346 292.42
143.336 306.028
132.202 321.986
138.352 323.357
144.821 324.229
153.076 323.889
160.732 323.091
102.528 266.133
110.495 259.889
120.608 261.431
128.575 268.648
118.827 271.483
109.503 271.185
175.157 270.842
182.8 263.713
193.712 264.734
203.671 271.446
193.8 275.234
183.69 275.4
118.965 350.351
124.847 341.653
133.811 336.792
143.827 338.887
155.865 338.513
166.54 344.676
175.465 353.401
167.344 362.156
156.894 368.328
144.093 369.56
132.97 366.973
124.389 360.191
133.74 349.695
144.029 350.179
156.65 351.223
156.949 352.99
143.607 353.227
133.263 352.164
