95.1021 231.872
101.381 224.635
111.316 221.929
121.386 221.861
131.102 224.137
167.368 219.685
182.186 216.09
197.138 215.221
211.776 218.186
223.83 225.311
149.95 251.871
147.826 267.51
145.239 282.744
143.093 298.128
135.877 313.872
141.209 314.95
146.932 315.216
156.863 314.222
166.418 312.719
108.322 256.527
115.224 248.019
125.819 248.845
134.082 257.919
124.425 260.391
114.851 260.401
179.912 254.918
186.578 244.857
198.933 244.45
210.076 250.882
200.372 256.034
189.343 257.181
129.064 341.62
133.007 334.098
141.018 329.95
150.475 331.182
163.263 329.814
174.834 334.664
185.519 342.142
176.812 351.128
165.245 356.358
152.665 357.414
142.087 355.51
134.181 349.906
142.514 340.564
151.013 341.325
164.642 340.24
164.014 342.682
151.213 343.172
142.511 341.53
