157.282 234.826
170.798 229.546
185.565 227.481
200.877 227.288
215.841 228.993
245.672 225.637
253.045 222.849
260.624 221.751
268.492 222.696
275.662 225.643
229.188 252.239
233.477 267.437
238.097 282.752
241.947 297.795
216.841 314.427
227.569 315.531
237.695 315.301
245.31 312.739
250.882 308.885
169.6 255.3
180.626 249.41
191.921 248.441
200.876 256.215
191.218 260.274
180.103 259.615
241.728 252.832
249.628 245.106
258.772 242.745
266.237 247.532
260.744 254.167
251.672 254.86
201.585 342.59
212.649 336.212
224.431 330.188
237.604 330.012
243.562 327.868
250.353 330.005
255.69 335.039
252.032 343.868
245.701 349.982
237.675 352.588
224.613 352.685
212.486 348.594
223.68 340.334
237.367 339.563
244.727 337.211
245.633 338.729
238.444 341.636
223.961 341.337
