80.9982 164.397
88.5275 159.922
96.9682 159.865
105.29 162.248
113.44 166.402
145.806 164.2
158.853 160.044
172.315 159.057
185.144 162.709
196.139 170.747
128.926 187.8
126.014 199.033
122.586 210.029
119.668 221.457
111.953 239.451
116.993 241.768
122.479 242.527
130.59 242.079
138.348 240.355
87.1558 190.846
94.6897 185.399
103.804 186.187
112.234 192.284
103.34 194.155
94.3669 194.277
153.958 194.184
161.666 186.827
172.193 186.694
182.018 191.816
172.932 195.719
162.894 196.575
104.18 266.063
108.838 259.933
115.615 256.723
122.777 257.621
133.464 257.761
143.248 262.165
153.212 268.32
144.703 276.484
134.091 280.758
122.798 280.914
114.582 279.786
107.897 274.554
116.264 266.469
123.073 267.021
133.455 267.256
133.378 268.13
122.907 267.509
115.791 267.035
