90.8702 189.37
101.094 183.651
113.132 182.654
124.602 183.891
135.421 187.455
181.903 188.826
195.382 187.578
209.286 188.678
223.027 191.772
234.407 198.906
155.028 219.619
152.22 235.101
149.063 250.626
146.525 266.006
131.621 282.818
139.072 284.532
146.817 285.173
156.694 285.597
165.81 284.736
105.932 218.957
114.891 213.781
125.212 214.83
133.018 222.686
123.681 224.661
113.626 223.778
180.966 226.388
191.011 219.397
202.331 219.73
211.826 225.716
201.752 229.888
190.793 229.688
116.268 315.107
123.346 307.409
133.166 303.119
143.677 305.188
157.129 304.903
168.929 311.246
179.34 320.017
169.082 327.278
157.037 331.114
144.22 331.029
133.107 330.025
123.105 324.607
133.559 314.689
144.019 314.963
157.235 316.123
157.472 316.746
144.299 316.502
133.554 315.256
