192.46 207.274
207.219 203.051
222.035 204.091
233.878 205.149
246.836 205.826
278.475 212.305
280.956 206.944
284.946 202.58
288.62 201.427
292.877 203.227
261.494 242.394
269.271 256.821
277.189 271.713
283.68 286.778
256.777 312.908
264.83 313.644
271.48 312.667
277.057 311.002
281.951 308.18
203.705 244.637
212.028 237.667
223.928 236.038
231.868 247.381
224.619 250.915
212.838 249.895
266.625 245.244
274.039 236.056
283.324 234.456
286.32 240.989
283.534 247.993
274.643 249.743
234.602 349.027
248.762 343.459
262.344 337.899
276.188 335.636
283.547 335.272
286.817 340.837
285.139 348.226
285.915 352.691
282.885 356.276
275.796 358.174
261.647 358.45
248.318 355.096
259.339 346.997
275.054 346.02
281.764 345.127
280.646 347.159
274.525 347.97
258.932 348.93
