73.3493 239.57
79.5419 237.872
85.4185 240.222
90.1629 243.582
94.7024 246.862
117.05 244.298
132.272 240.507
147.716 238.122
162.745 239.936
174.323 249.337
108.686 272.81
102.348 286.518
95.8176 299.197
89.8177 312.057
90.8304 327.22
95.1601 328.261
100.21 329.107
108.674 328.861
118.036 329.491
82.2433 273.045
85.5465 266.748
94.4157 268.848
101.616 277.165
92.842 278.684
85.6068 278.375
135.126 276.567
141.015 268.47
151.508 268.439
163.044 273.318
153.082 278.158
143.377 279.073
89.1892 354.911
88.9253 349.227
93.4617 345.428
99.4477 345.925
112.305 346.709
124.95 351.516
138.609 356.074
127.842 363.995
116.496 369.138
104.016 369.526
96.6806 368.112
91.2203 362.537
97.2193 355.431
101.583 356.371
114.84 356.692
115.414 356.767
102.823 355.946
97.807 355.757
