89.7108 209.802
100.048 202.752
112.978 202.327
125.081 205.861
136.318 212.109
179.707 218.63
195.446 216.202
210.926 216.876
226.336 221.496
237.723 232.043
155.31 239.512
151.834 255.744
148.302 272.212
144.903 288.632
127.759 300.581
134.679 303.943
142.66 306.096
152.199 306.863
160.94 306.869
97.8751 233.352
109.384 229.047
121.1 232.822
128.928 242.447
117.53 243.606
105.699 241.252
184.088 252.258
194.335 244.429
207.368 246.214
219.074 254.257
207.092 257.615
194.627 256.812
108.661 326.195
118.279 322.549
128.872 320.797
139.345 323.82
152.952 325.616
164.791 331.842
176.105 338.589
163.413 344.842
150.451 348.146
135.819 347.377
124.106 343.681
115.622 336.161
126.934 330.034
138.107 332.844
152.938 335.174
152.683 335.674
137.921 333.712
126.946 331.13
