132.42 168.812
145.027 163.214
158.463 160.352
171.905 161.133
184.834 164.787
220.944 164.964
233.619 160.274
246.379 158.969
258.493 161.87
267.532 169.498
203.575 187.231
204.673 203.898
206.478 220.583
208.129 236.924
187.107 250.366
196.34 251.54
205.624 252.528
213.604 251.718
220.366 250.287
142.304 188.337
154.7 181.773
166.595 181.823
174.237 191.44
163.812 193.628
153.292 192.267
223.783 191.954
232.162 182.916
242.634 182.303
251.246 189.275
243.369 193.089
234.177 193.67
172.187 282.063
182.649 272.951
194.437 267.698
207.179 269.543
217.687 268.286
226.241 273.644
230.427 281.481
225.287 292.035
216.777 299.071
205.067 301.273
191.774 299.344
180.337 292.833
193.675 281.173
206.304 281.651
215.06 281.465
214.939 283.288
205.458 284.145
193.114 283.517
