131.52 209.781
140.958 199.669
154.649 195.808
168.835 196.226
182.727 199.583
223.15 198.955
232.209 195.166
242.198 193.746
251.912 195.329
259.256 201.248
206.459 220.486
208.648 233.982
211.026 247.598
213.058 261.382
193.833 276.725
202.282 278.668
211.32 279.613
218.808 278.448
225.969 276.179
148.636 227.559
158.069 222.141
168.661 221.676
178.308 227.343
168.675 230.285
158.233 230.727
223.8 226.566
232.253 220.927
241.936 220.549
249.975 225.504
241.89 228.821
232.55 228.8
177.93 306.254
187.407 298.305
198.498 292.802
210.837 293.417
220.514 292.191
229.638 296.727
236.548 304.424
229.81 312.593
220.678 317.626
209.877 318.606
197.635 317.913
186.694 313.148
197.844 303.81
210.298 303.545
220.399 303.943
219.884 305.116
209.43 305.377
197.591 304.974
