175.666 167.44
185.783 156.367
200.02 150.4
215.094 150.11
230.613 154.063
256.97 160.252
261.955 156.239
267.532 154.935
272.052 155.505
275.438 158.383
248.013 183.877
256.144 200.555
265.02 215.565
273.922 231.755
243.238 250.79
251.807 252.202
259.449 252.963
264.763 251.689
267.958 248.304
189.347 183.194
200.8 176.758
211.893 176.7
216.51 187.295
209.384 190.189
198.852 189.064
250.276 187.946
257.014 179.512
264.847 178.764
267.138 187.195
263.359 191.613
256.872 191.345
221.508 283.716
232.701 277.132
243.99 272.432
256.736 272.431
260.163 272.024
260.615 276.792
258.859 282.144
258.672 289.234
256.131 295.182
251.659 297.628
240.003 295.931
229.416 291.885
238.242 281.927
253.494 282.096
256.326 280.839
255.75 282.565
252.421 284.859
237.911 284.324
