144.742 248.101
156.868 238.366
171.115 232.267
186.288 230.265
201.082 231.716
235.897 228.675
244.112 225.128
252.688 223.556
261.321 225.331
268.721 230.397
224.553 257.664
229.003 271.636
233.905 286.186
238.461 300.117
216.454 317.133
225.678 318.776
235.108 318.63
241.801 317.219
247.625 313.994
168.11 265.433
177.724 257.524
188.624 256.439
197.141 264.362
188.35 267.445
178.208 267.783
239.725 259.375
245.825 250.543
255.462 248.959
262.79 255.054
257.064 259.646
248.218 260.392
197.645 349.862
209.427 343.21
221.862 338.029
234.867 338.657
241.867 336.166
248.839 338.358
254.802 343.21
250.023 350.435
243.052 354.457
235.13 355.982
222.23 356.396
209.321 354.902
221.052 348.089
234.646 346.769
241.039 345.828
241.786 345.891
235.115 346.646
221.37 347.25
