90.3994 189.233
97.202 186.208
104.249 185.853
110.988 187.965
117.551 190.784
156.076 190.438
168.706 187.776
181.791 187.474
193.935 191.251
203.39 198.29
133.99 210.608
130.106 225.098
125.286 239.085
120.711 253.175
111.152 270.746
116.781 272.257
123.221 273.505
132.741 272.917
141.532 272.243
95.6176 214.257
102.767 207.873
112.223 209.683
119.226 217.705
110.195 218.071
101.883 217.62
161.657 219.392
169.152 210.751
180.888 211.377
189.932 219.126
180.117 220.995
170.224 220.96
103.332 300.461
107.315 293.455
114.279 289.195
122.558 290.27
136.264 290.062
148.705 295.698
159.989 303.263
148.96 310.948
136.803 316.093
123.851 316.764
114.324 315.257
107.013 309.329
115.134 301.667
123.508 302.128
139.002 302.083
138.772 302.713
123.684 302.032
114.829 301.781
