100.035 228.426
112.276 219.169
127.359 214.891
142.962 214.591
158.058 218.916
197.826 219.857
214.415 215.095
231.503 215.385
247.617 220.281
261.245 229.401
178.359 246.765
177.825 260.673
177.158 274.428
176.351 288.259
156.297 312.665
166.118 313.753
176.14 313.89
186.707 313.866
196.734 313.169
118.537 255.194
128.16 248.36
140.074 248.484
149.542 255.819
139.159 258.819
128.487 258.974
209.218 256.087
218.509 249.055
230.536 249.402
240.843 256.115
230.881 259.221
220.067 259.265
139.713 351.035
149.13 339.293
161.535 331.113
175.533 332.295
190.185 331.717
202.559 340.218
211.808 352.788
200.224 360.486
187.813 365.168
174.193 366.505
161.172 364.345
149.964 358.965
158.99 347.57
175.018 348.475
191.306 348.652
191.632 348.241
174.958 347.533
158.574 347.089
