182.07 166.74
194.673 157.798
209.054 152.632
224.349 152.567
239.175 156.216
264.361 161.898
268.767 158.065
273.935 155.526
278.766 155.85
282.124 160.433
251.799 188.321
258.402 201.557
265.465 213.818
272.202 226.955
246.523 243.417
253.989 244.029
260.45 244.333
265.395 243.502
269.371 241.224
197.801 185.449
208.914 179.906
218.928 179.74
224.627 188.989
217.187 190.687
207.86 189.673
258.517 187.94
264.487 181.429
271.519 180.592
273.442 186.242
270.548 189.63
264.657 190.2
220.052 269.597
233.719 263.877
247.608 260.422
261.834 259.345
268.165 258.51
272.395 260.891
270.827 265.384
269.589 273.847
266.168 281
259.003 284.394
244.863 283.829
231.627 278.58
243.029 269.719
259.572 269.152
265.445 267.451
264.713 269.61
258.79 272.035
242.811 272.257
