175.73 208.004
188.007 200.464
201.935 197.181
216.297 197.272
229.895 201.108
255.193 205.19
260.948 201.323
266.477 198.515
272.17 197.839
277.441 200.045
244.505 229.708
249.286 243.538
254.461 257.74
260.078 271.79
233.774 291.703
242.03 292.509
250.465 292.88
254.212 291.82
258.281 289.756
190.197 230.155
200.276 225.928
210.433 224.932
214.779 233.619
207.63 235.93
198.336 234.87
252.674 233.647
259.494 226.15
268.112 224.59
269.527 231.358
265.933 235.579
259.664 235.152
216.054 324.979
226.255 318.121
237.681 312.248
251.285 311.451
259.189 310.499
265 317.448
265.504 325.677
262.833 332.044
257.645 336.83
251.271 338.079
237.965 337.307
225.954 333.046
237.111 323.12
249.434 323.477
255.271 324.028
256.904 323.609
251.217 323.066
237.885 323.629
