86.2574 206.654
95.8783 198.201
108.551 195.92
121.611 198.08
133.501 202.399
173.27 199.682
188.214 194.249
204.372 190.685
220.498 193.522
233.106 202.699
153.037 224.585
150.735 239.54
148.301 253.942
145.999 268.186
132.715 285.58
140.171 288.026
149.021 288.852
159.24 288.454
168.789 287.28
99.4213 233.923
108.559 227.214
119.689 227.222
130.405 233.634
119.317 235.428
109.026 236.318
184.004 229.915
193.139 223.352
204.606 223.904
216.164 229.418
205.042 232.116
194.049 232.283
122.768 323.313
128.375 312.923
136.633 305.619
146.53 307.302
159.637 306.42
171.337 314.133
182.474 323.983
171.781 329.929
160.118 333.273
147.934 334.187
138.404 333.173
130.089 329.175
135.505 319.458
147.034 319.285
163.976 319.997
163.533 319.979
147.031 319.728
135.801 319.405
