88.727 164.37
96.3293 160.237
105.358 160.214
113.631 163.885
121.737 168.353
157.409 167.409
172.286 164.279
187.846 163.475
202.292 168.983
213.788 179.902
136.995 192.214
132.982 206.199
128.281 219.719
124.206 233.425
117.203 249.913
121.939 252.016
127.761 252.834
135.216 253.422
142.794 253.129
97.4892 191.63
104.979 185.817
114.758 187.043
121.777 194.659
113.256 196.241
104.246 195.362
163.882 198.444
172.189 190.197
183.278 191.302
193.66 198.534
183.587 201.468
172.728 201.348
107.317 278.101
112.121 271.178
118.763 267.284
126.586 269.376
139.556 269.796
150.94 276.636
162.341 283.584
151.143 289.757
138.513 292.018
126.854 291.122
118.579 289.753
111.625 285.563
120.401 277.467
126.957 277.761
138.688 279.715
138.126 279.462
127.117 277.729
120.963 277.04
