91.2096 177.957
100.796 171.203
112.974 170.208
124.845 172.065
135.915 176.468
169.598 175.405
184.334 171.176
199.666 169.962
214.922 172.306
227.284 180.573
152.984 198.396
152.064 211.928
150.627 225.52
149.66 239.083
139.363 255.375
145.34 256.372
151.745 256.643
160.39 255.987
168.003 254.368
105.872 203.061
114.001 197.342
124.274 197.776
133.222 202.94
123.94 205.367
113.917 205.629
179.903 203.187
188.494 197.434
199.332 197.37
209.262 202.562
199.726 205.662
189.058 205.631
129.713 284.146
135.819 276.755
143.187 270.813
152.549 271.776
163.796 270.809
173.9 276.782
183.266 283.836
174.493 289.351
164.225 291.847
153.772 292.539
144.87 292.244
136.568 290.054
143.562 280.11
153.16 279.65
165.419 280.021
165.381 280.513
153.476 280.686
143.628 280.71
