181.152 220.402
193.229 210.323
207.954 204.467
223.845 203.865
239.013 206.317
265.888 210.518
270.296 207.073
276.158 204.842
281.76 205.122
286.025 208.27
253.665 242.85
260.61 255.284
268.089 266.926
275.585 279.059
248.01 304.666
256.714 305.628
264.879 305.93
269.473 304.739
273.504 302.202
197.865 241.377
208.266 236.912
219.202 234.805
225.856 243.305
217.531 245.924
207.437 245.014
261.998 241.727
269.267 232.807
278.37 230.539
282.151 237.159
278.091 242.15
269.884 243.482
232.591 339.555
243.309 332.833
253.989 325.778
267.004 324.698
273.257 322.685
278.025 327.531
276.291 333.996
275.565 340.908
271.819 344.592
266.297 346.905
254.75 347.344
243.318 345.523
252.864 335.273
265.74 333.926
271.328 333.381
271.153 333.99
265.336 335.22
253.678 336.431
