76.4616 168.229
81.8787 162.393
89.8117 160.097
98.7091 160.718
107.375 163.062
146.179 158.615
162.943 154.188
180.791 152.517
197.784 155.651
212.431 164.698
128.045 199.043
122.653 212.672
116.862 225.431
112.068 238.86
106.586 263.24
112.062 265.196
118.973 265.81
128.962 264.419
138.993 262.467
83.6705 197.059
91.7642 188.115
102.688 189.385
111.52 200.045
101.264 202.12
90.5424 202.416
157.628 197.007
165.889 184.327
179.474 183.387
192.112 190.747
181.719 196.718
169.148 198.792
98.7444 299.882
100.284 291.082
107.285 285.441
116.179 286.611
131.128 286.579
144.628 292.604
156.949 301.232
144.119 308.936
130.89 313.514
116.854 314.322
108.841 312.79
102.347 308.448
110.555 297.192
116.585 297.691
129.83 297.618
129.993 299.064
117.341 298.867
111.154 297.976
