178.899 192.927
191.259 185.184
205.16 182.408
219.477 182.284
233.857 184.232
257.453 191.436
262.339 189.246
267.618 189.057
272.681 190.355
277.134 193.85
248.551 219.231
255.609 234.344
262.479 248.725
268.856 263.652
240.932 281.322
250.024 282.908
257.819 283.787
262.48 283.355
266.069 280.885
193.011 214.974
203.317 210.482
213.933 210.459
219.117 218.462
211.076 220.076
201.101 218.512
255.587 222.242
262.322 215.467
270.202 215.401
272.689 222.653
267.947 225.814
261.823 224.897
218.098 312.096
229.656 304.283
242.792 299.219
256.073 300.562
263.651 300.205
266.944 305.963
263.25 312.611
262.644 321.113
258.28 328.239
251.012 331.322
238.06 329.34
226.079 323.248
238.882 308.936
251.819 309.553
258.247 309.611
257.551 314.571
250.896 315.495
238.785 315.424
