88.5819 171.207
90.7889 167.364
92.6888 164.629
94.8459 164.414
97.0664 165.974
135.273 166.551
149.626 168.947
163.072 172.417
175.536 179.101
182.35 190.295
113.157 206.657
105.542 219.351
97.9707 231.748
90.6328 244.189
89.6544 263.194
95.267 265.852
100.862 267.328
109.014 267.835
118.014 266.618
89.8232 203.895
92.9686 197.831
100.299 199.824
105.365 207.309
99.1096 208.618
92.3745 208.155
138.489 209.995
146.172 203.051
155.624 205.606
164.202 210.475
155.646 212.858
146.64 212.749
87.8942 290.922
88.1883 285.53
92.5255 282.666
97.0993 284.958
109.106 286.416
120.195 292.745
130.77 300.377
119.898 304.66
108.588 305.672
96.8672 304.761
92.0778 302.528
88.5684 298.073
92.2685 292.65
97.8356 294.348
110.008 295.654
109.634 296.129
97.9538 295.012
93.5344 292.443
