119.636 198.121
132.856 189.1
148.73 185.229
164.768 185.738
180.591 188.772
230.874 184.53
242.194 180.198
253.885 177.782
265.933 178.865
275.564 185.77
207.946 216.397
210.932 233.18
214.21 249.298
217.573 266.06
196.069 284.078
204.775 284.774
214.512 284.733
222.712 283.444
230.225 281.719
138.934 224.167
150.785 217.562
163.908 216.878
174.589 224.932
163.495 229.538
150.294 229.504
232.644 221.251
241.709 213.303
253.523 211.804
263.754 217.383
255.006 224.702
242.861 224.606
180.129 323.657
190.244 314.435
201.38 306.101
214.746 306.451
224.901 304.198
234.03 310.172
241.227 318.463
235.617 329.136
226.019 335.742
214.428 338.239
201.381 338.012
189.32 333.041
200.62 319.522
214.936 318.425
225.855 317.688
225.454 320.154
214.306 322.05
200.187 322.362
