117.293 239.524
125.651 234.127
135.721 231.75
146.268 232.35
156.659 233.356
204.076 233.817
214.503 234.266
224.77 234.371
234.562 237.522
242.584 243.19
178.529 264.015
178.684 279.078
178.706 294.581
178.787 309.645
164.452 326.37
171.253 327.396
178.538 327.696
186.189 327.513
193.421 326.657
126.769 266.539
135.468 259.664
146.011 259.585
154.232 268.379
144.64 273.002
134.875 271.791
204.525 268.876
212.791 261.677
223.014 261.828
231.612 268.523
223.046 273.633
213.345 274.192
149.17 362.652
157.265 353.919
167.128 346.982
178.442 347.801
189.57 346.924
199.664 353.383
208.622 362.11
200.251 368.939
190.122 373.277
178.668 374.356
167.62 373.095
157.86 369.529
166.945 359.438
178.912 359.199
191.84 358.978
191.875 360.241
178.852 360.121
166.899 360.815
