83.3491 183.037
90.9464 173.002
102.219 169.325
114.103 170.942
125.12 174.882
169.847 170.875
184.888 165.522
201.526 163.907
217.408 167.117
229.446 177.67
149.409 206.641
146.277 222.272
143.067 237.587
140.325 253.239
129.493 270.681
136.589 273.966
144.527 275.023
155.79 273.941
166.253 271.689
99.2269 211.681
108.847 205.615
119.297 206.077
128.063 212.409
118.479 215.882
108.267 216.184
182.296 211.378
190.726 204.204
201.712 204.378
212.75 209.017
202.922 214.453
192.241 215.151
118.7 303.273
125.209 294.55
134.214 290.211
144.205 292.521
159.586 291.724
173.748 297.592
187.779 305.457
175.842 314.69
162.385 320.9
147.203 322.038
135.181 320.231
125.402 313.532
135.745 302.598
145.274 303.599
162.484 302.979
162.882 304.483
145.731 304.861
135.636 304.233
