147.268 219.78
161.861 213.75
176.495 211.268
191.103 210.958
205.113 213.105
236.296 213.406
245.239 209.398
254.463 206.271
264.058 205.426
272.431 210.09
224.411 236.686
228.982 252.348
233.591 267.601
238.318 282.868
217.042 297.505
225.214 298.858
233.712 299.151
239.752 297.392
244.772 294.114
167.268 241.658
177.895 235.678
188.05 235.207
195.938 241.89
187.112 246.604
176.637 245.779
240.869 239.301
247.884 231.744
256.688 229.961
264.821 234.736
258.589 240.939
249.482 241.379
198.897 330.259
208.225 322.87
219.072 317.925
231.402 317.551
238.017 315.969
245.082 318.28
249.274 324.894
244.525 330.584
238.054 334.786
230.276 336.586
218.844 336.817
208.31 334.885
220.472 324.724
230.622 323.976
237.005 323.267
236.65 323.774
230.592 324.134
220.096 324.641
