76.3588 139.87
79.1946 133.558
83.0605 130.773
87.4229 131.775
91.5314 133.834
115.359 122.85
128.917 119.34
143.229 118.116
157.431 121.525
168.787 130.293
105.421 161.553
98.4826 174.542
91.3552 186.735
84.1598 199.384
85.6349 213.22
88.7118 215.448
93.4478 216.142
100.337 215.38
107.429 213.715
87.1184 167.251
87.2878 160.317
93.1061 160.231
98.9544 165.744
94.0493 168.915
88.9723 169.455
133.927 160.438
137.195 151.754
145.82 152.16
155.799 156.934
147.412 160.572
139.765 161.768
85.8925 247.828
83.2585 240.034
85.7272 233.476
91.9582 232.338
105.786 232.76
117.658 237.846
129.043 245.486
118.166 251.487
106.368 254.889
94.7736 256.537
89.5342 255.655
86.4567 252.006
90.327 243.323
94.0643 243.32
107.485 242.637
107.277 245.108
93.9555 245.572
90.6925 244.867
