94.6205 198.546
108.433 190.185
124.224 186.334
140.793 187.335
156.367 192.214
196.467 194.746
212.135 190.9
228.898 190.235
245.196 193.441
258.311 202.337
178.367 227.211
178.985 246.986
179.396 267.004
179.347 286.98
157.357 299.099
167.109 302.983
177.958 304.89
189.545 303.379
200.169 300.101
115.929 224.4
128.312 217.304
141.835 219.133
151.461 229.797
138.526 232.201
125.697 231.142
206.85 231.771
216.575 221.581
230.158 220.078
242.512 227.213
231.219 233.386
218.68 234.052
142.646 334.063
153.64 327.06
164.901 321.83
176.672 324.833
188.81 322.642
200.19 328.043
210.837 335.385
201.584 346.532
189.258 353.261
175.561 353.654
162.208 352.806
150.598 346.378
163.293 333.594
176.49 334.46
189.402 334.52
189.114 336.911
176.14 337.445
163.779 336.395
