81.5537 196.21
86.3455 192.076
91.6997 192.447
96.0555 195.396
98.7584 199.916
121.48 195.729
135.796 190.815
150.24 189.89
163.172 194.724
173.099 203.211
107.973 229.081
101.19 242.839
94.524 256.258
87.7706 268.725
90.9653 287.576
94.9575 289.171
99.6638 289.761
107.199 289.636
114.799 289.241
82.8144 230.359
86.4234 222.86
94.5456 223.941
101.003 232.106
93.7265 234.693
86.4559 233.508
133.227 231.88
141.149 224.727
150.777 225.661
160.77 230.031
150.809 233.949
141.229 234.437
86.7416 320.806
86.3433 313.391
90.4179 307.844
97.1396 308.727
110.343 310.492
123.105 317.275
134.709 324.841
123.646 330.276
110.795 331.957
98.6047 331.649
92.6729 330.19
88.4242 326.276
90.3399 318.387
98.4549 318.655
115.017 320.355
114.661 322.569
97.875 320.661
90.1999 319.477
