80.5607 165.454
86.9958 164.362
92.053 165.193
97.4917 167.975
101.607 171.954
124.374 166.406
138.914 162.726
154.074 161.9
168.558 166.083
179.416 174.717
111.868 196.119
105.976 210.578
99.8464 224.623
93.5283 239.584
95.3018 254.731
100.542 256.778
106.26 257.53
113.523 257.153
121.027 256.301
88.2381 196.616
91.5281 189.854
99.4396 190.326
105.31 197.914
98.8525 199.722
91.84 199.854
137.438 197.373
144.375 190.717
153.185 191.447
163.085 195.92
153.788 199.422
144.818 200.27
93.6703 282.643
93.7885 277.918
98.2243 274.477
103.546 275.608
115.637 275.59
127.232 279.159
137.271 285.335
127.314 291.797
116.08 295.991
104.402 296.56
99.2009 294.28
95.2673 289.534
100.586 283.483
106.051 284.833
117.54 284.585
116.366 285.651
104.691 285.278
100.061 284.398
