106.489 194.459
118.734 185.563
133.739 181.366
149.154 181.903
164.082 185.32
198.847 184.069
212.59 181.069
226.479 180.956
240.023 185.037
250.384 193.852
180.336 210.902
180.469 224.843
180.667 238.939
181.085 253.154
161.71 267.431
171.034 268.428
180.667 269.099
190.115 268.615
198.791 267.827
125.455 213.377
135.517 207.912
146.73 208.791
155.69 216.294
145.492 218.39
134.686 218.118
203.141 217.252
212.023 209.945
223.261 209.221
232.981 215.667
223.54 219.803
212.854 219.797
145.86 294.797
156.216 287.74
168.329 283.957
181.066 285.391
193.317 284.244
204.884 288.252
214.969 294.888
204.841 302.832
193.147 307.753
180.377 308.859
167.061 307.522
155.353 302.428
166.517 295.123
180.805 295.139
194.736 295.086
194.611 296.064
180.446 296.458
166.276 295.937
