132.16 191.206
143.998 182.386
158.388 178.651
172.676 180.681
186.411 185.672
221.908 184.731
233.109 180.886
245.16 181.072
256.536 186.27
264.507 195.632
203.385 210.115
204.498 224.577
205.749 238.62
206.929 252.489
188.643 271.16
196.681 272.331
204.959 272.707
212.413 272.205
218.814 271.195
150.615 215.916
159.64 209.928
170.159 209.95
177.711 217.387
169.072 219.323
159.365 219.133
225.025 217.323
233.336 211.567
242.74 211.539
250.361 217.926
242.349 220.673
233.427 219.679
171.167 304.227
182.671 296.721
193.877 290.233
206.182 290.739
215.468 289.367
224.303 295.24
232.289 302.534
224.538 309.93
215.467 314.007
205.449 314.939
193.31 314.513
181.592 311.114
193.029 301.739
205.879 300.653
215.557 300.858
215.36 302.114
206.114 302.531
193.006 302.627
