113.659 195.46
122.95 188.258
135.33 185.368
148.022 186.842
159.702 191.595
199.89 193.014
210.94 188.918
222.638 188.003
234.122 190.801
243.218 198.035
179.269 215.763
179.138 225.161
179.056 234.458
178.989 244.168
164.302 268.536
171.267 268.397
178.553 268.393
186.464 268.438
193.73 268.311
124.821 216.537
134.202 210.377
145.008 211.77
152.462 220.65
142.717 221.673
132.926 220.891
204.743 221.574
212.115 212.994
223.193 212.161
231.725 219.057
223.529 222.784
214.036 222.974
147.05 302.204
156.279 293.181
167.676 287.269
180.49 287.568
192.642 286.687
203.341 292.418
211.586 301.251
202.357 307.912
191.596 310.85
180.386 311.657
168.455 310.967
156.959 308.473
165.923 298.569
180.341 299.112
193.71 298.187
193.381 298.201
180.028 298.042
165.621 298.671
