170.404 198.598
184.212 188.771
200.416 186.465
216.782 188.031
231.654 193.234
258.832 199.954
264.463 196.491
270.619 194.87
276.736 195.622
280.445 199.4
241.77 222.283
246.929 238.568
252.146 254.48
257.18 271.581
226.939 285.469
236.557 288.224
245.675 289.547
250.991 288.376
255.452 285.899
187.227 220.849
198.589 217.718
208.827 217.421
213.586 224.211
207.123 226.808
196.557 225.439
250.06 224.894
257.678 219.58
265.99 219.419
270.613 224.124
264.683 227.363
256.616 227.692
203.096 318.452
215.238 313.833
228.697 309.921
242.393 311.659
246.761 309.92
249.626 312.467
249.511 316.89
248.482 324.531
245.621 330.627
239.209 334.067
225.888 332.28
213.589 326.882
227.015 319.139
238.847 318.86
243.437 318.652
243.478 320.504
239.309 321.763
227.948 321
