158.411 209.004
170.54 199.593
185.286 195.883
200.209 196.418
215.069 199.9
252.615 201.115
258.102 197.89
264.274 196.265
270.562 196.718
275.853 200.439
234.568 233.871
239.206 246.973
244.239 259.906
248.975 273.511
226.032 293.21
235.263 294.666
244.262 295.394
251.411 294.136
256.638 291.551
174.068 234.645
185.475 227.322
197.033 227.123
204.25 237.038
194.653 239.454
183.765 238.651
247.645 235.496
254.32 225.117
264.417 223.349
270.362 230.987
265.041 236.165
256.362 236.495
209.099 329.553
220.281 320.465
232.523 313.001
246.788 313.087
254.452 311.677
260.918 316.35
261.431 325.519
259.817 335.108
252.94 340.6
244.821 342.457
232.372 342.006
219.444 338.141
231.33 324.591
245.565 324.243
251.976 322.97
252.207 326.271
245.262 328.15
231.384 328.067
