75.9563 225.883
81.1786 220.355
88.9585 219.627
97.3118 221.505
105.006 225.138
137.98 218.546
155.29 213.801
173.612 213.583
190.862 217.484
204.605 227.846
119.787 249.674
115.228 265.539
110.21 281.061
105.611 296.71
102.012 312.408
107.41 315.326
114.872 316.304
124.919 315.029
134.594 313.86
86.7558 252.03
90.752 245.49
99.7835 246.268
106.926 254.08
99.1036 256.402
90.9461 256.608
154.314 252.052
162.561 244.7
173.34 244.811
185.528 250.287
174.469 254.981
163.531 255.456
97.5452 345.257
99.6344 338.369
105.81 333.066
114.747 333.819
128.261 333.131
140.886 338.256
153.227 344.307
141.321 352.09
128.691 357.248
115.381 358.68
107.774 356.446
101.799 352.147
107.606 344.375
115.565 343.392
130.852 343.261
130.884 343.882
115.45 344.51
107.109 344.001
