88.1224 186.107
92.5232 179.302
98.2195 175.577
103.369 175.651
108.899 179.008
114.512 183.234
120.887 181.162
127.808 184.747
133.701 190.536
138.755 197.394
104.186 205.757
97.8526 222.143
91.1847 238.43
85.0727 256.109
79.8551 271.9
81.0765 274.434
82.8036 276.097
88.9392 276.473
96.8108 273.64
100.595 202.965
101.648 204.202
102.934 204.642
105.849 206.063
102.217 207.21
100.539 205.918
112.378 209.23
115.411 209.608
118.919 211.442
123.675 214.264
119.122 215.009
115.157 213.459
82.5348 302.663
84.595 298.573
86.4525 296.608
88.733 298.085
95.3405 298.407
101.808 302.562
105.927 309.969
100.747 313.962
95.8313 317.958
90.227 317.055
87.4596 314.03
85.4606 308.554
90.5258 303.14
89.5165 303.272
94.8099 304.852
95.9698 307.551
91.0011 305.832
90.8878 306.644
