79.5858 180.476
84.5335 178.12
89.4239 178.976
93.6351 181.367
97.1588 184.654
127.585 177.534
142.577 171.862
158.62 170.607
174.214 174.255
187.232 183.267
114.897 206.784
110.071 217.87
104.638 228.456
99.6133 239.577
99.3268 258.266
103.059 260.293
107.831 261.114
117.149 260.448
125.79 258.805
86.5871 210.033
91.4799 204.82
98.7942 206.279
105.173 212.426
98.1472 213.843
91.1501 213.898
140.358 210.663
147.405 203.333
156.887 203.988
166.491 207.675
157.623 212.478
148.456 213.399
95.9572 289.21
94.612 281.377
99.23 276.549
105.402 277.337
119.194 278.296
130.942 285.248
142.124 292.301
129.949 297.202
118.063 299.693
105.68 299.821
100.939 297.591
97.8013 294.201
103.053 287.576
106.624 287.456
119.413 288.698
118.615 289.268
106.48 287.646
102.524 287.601
