88.516 191.092
91.2339 188.139
94.4382 187.398
97.593 189.492
100.251 191.945
131.115 188.296
147.142 186.841
162.498 187.887
176.931 193.402
187.675 204.154
112.772 219.679
104.648 230.971
97.2238 241.165
88.7351 252.882
85.7678 272.766
89.729 274.493
94.1343 275.428
102.256 276.125
111.942 275.807
91.0008 219.917
94.4615 214.089
101.824 215.948
108.125 222.732
101.264 224.311
94.702 223.768
141.717 223.13
148.128 215.838
158.689 217.612
169.027 221.928
159.461 225.392
149.539 225.462
82.9299 302.029
81.0288 292.83
84.3949 287.103
89.6291 287.705
102.595 289.996
113.562 297.185
123.391 306.333
112.76 310.814
100.706 311.714
89.5793 310.922
84.9691 309.533
82.1339 306.609
87.2511 298.385
90.2339 297.979
103.736 299.577
103.194 300.537
91.0054 297.957
88.575 298.413
