156.458 170.018
169.085 160.251
184.35 155.569
200.67 157.171
215.69 162.962
244.972 165.811
252.656 162.093
260.284 160.027
267.891 160.856
274.554 164.841
231.806 189.9
235.435 202.357
239.647 214.124
243.286 226.029
221.413 246.854
229.939 247.775
238.558 248.348
244.451 247.128
249 245.772
176.663 189.468
186.421 185.022
196.172 184.857
203.517 192.143
195.034 194.648
185.501 193.657
245.232 193.819
252.524 187.352
260.034 187.089
265.186 192.225
259.904 195.434
252.558 195.854
200.102 278.096
212.304 272.725
224.789 268.313
237.89 268.718
244.91 267.636
251.117 270.64
255.668 276.194
250.96 281.501
245.047 284.139
237.802 284.995
225.009 285.036
212.388 283.209
224.924 276.542
237.23 276.272
243.645 276.101
243.999 276.147
237.918 275.93
225.298 277.113
