141.553 202.758
153.188 194.515
167.595 192.952
182.122 195.083
195.351 199.372
229.575 202.64
238.766 199.955
248.303 198.101
257.847 200.228
265.628 206.547
212.909 233.29
215.315 245.434
217.978 256.976
219.919 269.157
199.011 289.04
206.753 290.156
214.37 290.836
221.369 290.13
227.041 288.735
156.619 228.593
168.078 223.113
178.708 223.812
184.642 232.454
175.23 234.173
165.262 232.688
229.293 234.727
238.064 227.672
247.827 227.471
254.989 234.788
247.804 237.583
238.567 237.044
179.965 320.234
189.555 310.319
201.584 303.73
215.528 304.651
225.662 303.787
233.904 310.098
236.394 321.154
231.32 328.728
222.904 333.019
213.439 333.763
200.743 332.744
188.981 328.637
199.472 315.166
214.689 314.822
223.72 315.673
224.302 321.563
214.844 322.252
199.964 321.351
