175.222 187.411
188.169 180.301
202.005 176.456
216.423 177.169
230.111 182.104
252.174 190.747
257.651 189.829
263.495 189.605
268.678 190.542
273.019 194.442
240.751 216.815
246.375 229.64
252.729 241.544
259.064 253.805
232.515 273.723
241.403 275.022
250.018 275.917
255.803 275.777
260.122 274.296
191.932 209.563
202.242 205.73
212.481 205.807
216.563 216.2
208.842 216.768
199.75 214.263
248.175 222.954
256.53 215.523
264.836 214.662
268.035 222.743
263.373 225.245
256.251 224.294
213.965 303.332
226.33 299.111
237.945 295.159
250.389 296.57
256.201 295.987
260.245 301.017
260.644 307.159
258.465 312.818
254.24 316.66
248.402 317.455
236.263 315.868
224.917 310.98
235.46 303.881
248.907 305.849
253.835 306.803
254.885 304.924
249.864 304.216
236.576 303.869
