80.3699 234.276
86.7165 226.439
96.5848 223.248
106.9 222.661
117.455 224.539
162.033 222.554
178.261 219.046
195.455 219.561
210.93 224.816
221.828 237.031
137.805 256.432
133.856 272.081
129.259 287.604
124.746 303.748
114.992 319.976
121.61 323.483
130.419 324.602
142.757 324.001
153.97 321.228
90.1472 260.473
99.0383 253.963
110.431 254.574
120.608 261.815
109.704 264.379
99.1956 264.94
168.127 262.808
177.926 254.095
191.192 254.185
203.521 260.124
192.497 264.997
180.188 265.95
108.962 349.824
115.818 342.827
124.667 339.102
133.33 341.21
148.313 340.185
162.01 345.303
174.818 352.604
161.69 356.281
148.85 359.732
134.866 360.482
125.721 359.069
117.677 355.002
125.049 347.222
134.336 348.08
149.424 348.266
149.347 349.399
134.305 349.166
125.184 348.092
