125.592 221.189
136.552 211.526
150.485 206.299
165.156 205.464
179.074 208.575
215.573 208.051
226.432 204.791
238.533 204.346
249.938 207.383
257.861 215.984
200.719 238.003
204.191 253.912
207.974 268.971
211.921 284.7
188.877 300.774
198.199 301.786
208.604 302.048
216.625 301.233
223.785 299.964
142.264 245.649
152.961 240.47
164.643 240.678
174.434 246.973
163.602 249.497
152.582 249.399
220.7 244.743
229.677 238.175
240.215 237.051
249.198 241.165
240.733 245.65
230.918 246.679
172.43 330.531
184.727 323.845
197.005 319.764
209.226 321.061
218.607 319.049
228.051 322.615
235.613 328.863
227.975 337.125
218.981 342.608
208.197 343.885
194.966 343.13
182.9 338.295
194.737 329.8
209.194 330.039
220.004 329.201
220.13 329.741
208.9 330.312
194.53 330.381
