176.254 178.014
185.877 168.473
199.172 163.891
214.086 163.52
228.66 166.759
262.316 170.032
266.213 167.771
270.39 165.804
275.033 166.506
278.789 169.803
247.131 199.584
253.408 213.838
260.51 227.911
267.273 242.652
242.952 260.109
251.874 260.938
260.659 260.712
265.028 259.785
269.224 258.158
191.7 198.827
201.387 194.687
211.396 193.666
218.096 201.363
209.968 204.603
199.734 203.754
253.404 201.551
260.554 194.303
268.249 192.148
273.073 198.06
269.275 203.418
261.639 203.606
229.108 289.71
239.314 284.376
249.707 279.446
261.366 278.745
266.32 278.285
269.6 281.722
268.078 288.216
267.862 295.295
264.129 298.943
258.756 300.274
248.167 299.681
237.917 296.478
249.209 288.709
259.722 288.145
262.762 288.187
262.389 288.557
259.404 289.514
250.55 289.949
