71.7681 192.528
75.1398 189.341
79.1027 187.212
83.1369 187.872
87.5947 190.394
119.032 184.993
134.763 181.354
150.533 181.49
165.198 186.498
178.83 193.981
100.901 215.178
92.0523 230.888
83.9241 245.688
76.0015 259.861
77.6861 284.439
81.5543 284.668
86.0342 284.771
93.302 285.114
101.559 284.37
71.8414 231.438
75.6712 221.892
84.0981 221.175
91.6254 227.627
84.8135 232.344
77.4807 233.653
130.5 224.85
138.231 215.215
149.877 216.905
160.462 223.002
150.263 227.049
139.521 227.91
72.9123 321.032
69.5153 311.861
73.6132 303.697
81.7709 303.714
95.5379 303.777
107.531 311.571
116.476 320.874
106.955 326.73
95.4374 328.823
83.5344 329.917
77.7891 328.863
73.0981 326.024
75.8375 317.175
84.1696 315.442
99.5962 317.18
98.486 318.242
83.0974 316.577
76.5332 316.733
