128.226 237.222
139.91 229.714
153.97 229.052
167.679 230.478
180.701 234.341
218.493 236.433
229.545 233.1
241.015 232.143
252.868 232.257
261.749 238.438
201.761 259.598
202.97 272.835
204.389 285.755
205.423 298.93
188.819 316.791
196.652 317.723
204.574 317.596
211.399 317.132
217.833 315.666
145.514 262.655
155.272 254.928
166.931 254.998
174.055 264.375
164.765 267.624
154.492 266.884
222.249 264.694
229.059 256.537
239.488 255.541
247.907 263.581
240.158 268.55
230.701 268.235
174.489 350.102
183.849 342.616
194.251 336.558
206.394 338.166
216.022 335.858
224.185 340.726
230.411 348.377
224.827 357.967
215.572 363.313
204.547 364.657
192.788 363.616
182.447 358.983
195.066 347.507
205.682 348.007
213.789 347.859
213.255 348.829
204.863 349.691
194.354 348.746
