97.4849 227.539
108.91 217.157
124.507 213.447
140.851 214.53
156.059 219.184
209.41 219.562
224.931 218.176
239.37 220.146
252.714 224.915
262.329 234.839
180.435 257.495
180.335 273.04
180.075 288.326
179.803 303.448
154.869 327.628
166.058 327.694
176.624 329.095
187.322 329.262
197.453 330.583
111.925 254.453
124.21 249.014
136.584 249.926
146.54 259.081
134.203 261.149
122.84 259.627
210.717 263.367
221.285 255.666
233.201 256.076
244.224 262.408
233.235 266.09
221.995 266.162
135.554 366.255
146.136 353.888
160.518 346.593
176.199 349.882
191.551 348.664
204.555 356.791
211.844 370.38
200.848 379.07
188.541 385.097
174.657 385.971
159.61 383.128
146.905 375.805
159.341 363.63
176.099 365.376
190.596 364.855
190.601 365.911
176.025 365.488
158.9 364.719
