151.409 166.061
163.269 157.873
177.367 155.093
191.398 155.807
204.77 160.407
241.53 161.722
249.814 157.802
258.591 156.737
267.009 158.977
273.327 164.521
224.457 187.159
227.523 200.786
230.879 214.204
233.662 227.605
211.675 245.523
220.41 247.307
229.24 248.263
236.219 247.47
242.298 245.473
168.825 188.585
179.164 183.329
190.069 183.727
197.94 191.918
188.383 195.199
177.775 193.908
240.376 191.987
247.801 184.3
256.974 183.76
264.213 190.11
257.087 194.882
248.377 195.198
191.222 274.054
203.729 267.972
216.068 263.488
228.806 263.545
237.353 263.204
244.867 267.138
249.391 273.652
244.782 283.431
236.722 288.76
226.815 290.49
213.909 288.659
201.792 282.873
213.55 274.1
227.785 274.239
236.349 274.346
236.196 275.919
227.935 276.439
213.987 275.26
