70.7334 131.951
79.6433 128.661
88.8925 128.627
97.9291 131.327
106.788 135.723
138.106 131.508
155.808 127.113
174.373 127.552
191.882 132.472
206.265 142.967
120.516 158.538
113.009 176.284
105.262 194.006
98.2973 211.947
93.0581 229.732
100.195 234.018
108.303 235.547
120.424 234.965
132.326 232.684
79.3848 161.633
86.0101 153.658
95.993 156.076
104.644 165.046
94.8121 167.514
85.7916 166.898
156.042 166.136
165.253 156.464
177.86 157.691
189.557 165.608
178.317 169.043
166.437 169.406
87.6257 265.943
90.4489 257.199
98.9776 253.051
107.081 255.394
124.336 256.024
139.662 262.966
153.194 271.425
139.108 280.954
123.275 286.108
106.443 285.905
96.9073 283.585
89.8605 277.298
99.0091 266.229
107.27 266.994
125.502 268.255
124.179 269.549
106.334 269.342
98.0396 267.915
