176.197 223.746
188.877 215.139
202.2 211.104
215.834 211.101
228.742 214.174
254.344 214.085
259.72 210.267
266.14 207.984
272.351 208.419
278.182 211.68
243.672 241.74
249.615 254.672
255.578 267.373
260.985 280.45
238.417 304.135
246.124 303.968
253.909 302.995
259.029 301.916
262.052 300.049
191.411 246.599
200.919 241.145
210.376 239.152
216.509 246.719
210.013 250.687
201.075 250.727
253.944 243.398
259.641 235.976
268.12 234.343
272.995 241.13
268.619 245.139
261.25 245.605
228.794 342.795
238.396 334.055
248.453 325.112
260.796 323.728
266.326 321.708
270.235 327.914
268.805 336.843
268.551 343.291
264.801 348.826
259.643 351.121
248.617 351.612
237.98 348.448
247.907 334.767
259.086 332.952
262.796 332.624
263.201 336.556
259.653 336.838
248.648 338.727
