105.793 218.917
118.366 211.268
133.145 208.946
147.563 210.946
161.266 216.4
197.425 212.713
210.977 205.904
225.481 202.889
240.402 204.205
253.034 211.68
180.695 238.336
181.796 253.547
182.934 268.989
184.201 284.085
167.503 299.626
175.679 300.792
184.655 300.872
192.916 299.759
200.807 298.032
122.322 240.241
132.633 234.068
144.811 233.693
154.552 241.01
144.177 244.22
132.416 244.631
205.987 239.705
214.682 232.344
226.018 231.36
236.722 235.651
227.77 240.999
216.401 242.076
154.001 328.492
163.395 321.704
173.884 316.202
185.303 318.757
196.095 315.423
205.744 320.402
214.353 326.651
207.062 336.158
197.215 341.987
185.754 343.611
173.677 342.494
162.962 337.36
172.892 327.811
185.394 327.916
197.192 327.062
196.86 329.046
185.742 329.895
173.25 329.107
