86.1013 152.341
93.4523 146.257
103.379 144.149
112.988 145.63
121.942 149.35
161.305 149.573
175.837 145.836
191.643 147.041
206.587 152.79
217.644 164.006
136.276 175.913
132.777 190.848
128.727 205.521
125.249 220.381
114.998 239.758
121.294 242.626
127.933 243.551
136.942 243.724
146.054 241.625
91.9789 180.782
99.561 173.015
110.049 174.133
117.788 182.108
109.068 184.295
99.0266 184.618
165.185 184.41
175.062 175.878
187.156 177.37
197.501 186.401
186.05 188.296
174.66 187.808
104.204 274.058
108.483 265.852
116.593 261.615
126.019 262.436
139.665 263.218
150.94 270.385
161.44 278.941
151.438 286.347
139.32 290.131
127.033 289.907
117.15 288.58
109.135 283.085
117.868 274.355
126.212 274.825
138.851 276.031
139.046 277.231
126.86 276.559
118.022 275.372
