177.392 189.234
189.497 181.502
203.765 179.663
218.518 182.789
232.362 187.87
261.072 196.589
265.218 193.229
270.137 190.714
274.599 190.488
278.187 193.133
249.191 218.659
255.789 229.98
262.882 240.418
269.577 251.84
242.753 270.864
251.316 271.611
259.014 272.038
263.65 272.061
267.008 270.677
193.917 214.957
204.375 211.216
214.359 211.27
220.03 218.877
212.43 221.636
202.284 220.294
254.515 221.31
261.812 215.129
269.431 214.909
271.848 222.062
267.688 225.719
260.98 224.808
222.531 303.012
234.64 295.602
246.925 289.083
259.769 289.623
265.061 290.179
267.629 296.571
265.114 303.789
263.568 310.42
259.451 315.117
253.489 315.983
242.374 314.901
231.779 310.564
242.591 299.648
256.158 299.692
261.224 300.285
260.362 301.597
255.246 302.013
242.534 301.95
