175.387 215.072
185.847 206.731
198.265 200.443
211.967 198.648
225.544 199.658
253.689 202.459
257.545 199.426
261.593 197.509
265.401 196.393
268.731 198.161
239.441 233.069
246.092 249.438
252.951 264.787
259.928 280.968
233.819 299.761
242.324 299.291
250.145 298.457
253.188 297.565
256.023 296.518
183.956 236.282
196.223 230.393
207.113 229.229
213.739 236.832
206.906 241.847
195.295 242.04
243.642 234.165
251.995 226.345
260.353 224.09
263.962 229.767
259.705 236.88
252.906 237.28
207.665 330.021
219.725 325.082
232.53 321.18
246.463 320.83
252.059 318.999
255.833 321.863
254.35 325.895
252.764 333.418
249.187 339.648
243.584 342.008
231.575 342.088
218.613 338.161
229.137 329.505
243.264 329.442
246.891 328.104
246.841 328.182
243.462 329.883
229.352 330.776
