80.6966 192.839
85.5257 187.954
91.4083 187.193
97.1069 190.47
102.01 194.45
123.881 188.181
138.082 183.411
153.164 182.079
166.952 186.143
178.561 194.341
111.834 216.5
105.577 228.288
98.5164 239.998
91.2016 251.697
89.5322 273.166
93.6229 273.764
98.6929 274.192
106.634 274.74
114.877 275.141
85.5828 218.497
89.907 211.402
97.9514 213.708
104.228 220.23
97.37 222.882
89.8393 223.237
138.35 220.351
144.053 210.719
155.006 211.315
165.498 216.323
156.563 221.495
146.455 222.393
88.8149 303.727
87.8121 296.216
91.213 290.774
97.2058 291.043
109.905 292.671
121.283 298.06
132.276 305.161
121.28 311.711
109.137 315.543
96.3455 316.272
91.2906 314.34
88.1128 310.337
94.1863 301.778
98.1991 301.164
111.168 302.302
110.086 302.75
97.225 302.462
93.6396 301.708
