138.419 164.808
150.06 158.076
163.861 157.414
177.415 160.582
190.314 166.423
214.781 170.634
224.247 165.02
234.376 161.557
244.721 162.845
253.369 168.709
204.599 191.978
206.451 203.169
208.696 213.777
210.597 224.367
189.225 244.304
197.931 245.143
207.362 245.665
214.109 245.41
220.084 245.292
150.312 188.774
159.961 184.263
170.63 185.64
177.102 193.888
167.631 195.451
157.789 194.009
220.655 195.901
227.384 188.703
236.624 187.826
244.359 193.705
237.249 197.569
228.861 197.504
176.094 276.489
186.308 269.956
196.536 263.741
208.588 263.904
216.171 263.881
221.901 269.274
226.055 276.781
221.109 284.215
214.192 288.618
206.432 290.001
195.35 288.702
185.139 284.168
195.397 274.116
207.555 274.228
213.838 274.634
213.579 275.733
207.485 276.188
195.503 275.593
