148.755 221.181
158.72 212.421
172.607 208.784
187.065 208.719
200.83 211.679
241.519 213.132
248.142 210.181
254.88 208.863
262.086 210.316
268.261 213.856
226.817 239.864
232.052 251.697
237.703 263.513
242.811 275.357
221.19 293.966
231.296 295.098
240.71 295.121
246.762 294.294
251.773 292.512
169.338 245.55
178.618 238.278
190.255 236.93
198.997 245.279
189.586 249.091
178.927 249.392
239.61 245.678
247.005 237.316
256.921 236.002
263.972 243.098
257.769 247.453
248.4 247.998
203.979 328.667
215.52 319.374
227.744 312.773
241.532 311.501
249.88 309.847
257.284 313.3
260.691 321.366
259.221 331.723
253.242 337.902
244.179 340.629
230.006 340.624
215.926 337.262
226.811 321.804
241.531 320.196
248.535 319.081
249.95 327.894
243.384 330.013
228.922 330.199
