82.6275 158.76
88.6733 154.087
96.0451 152.152
103.857 152.285
111.687 154.346
148.631 150.137
163.26 144.81
178.887 143.103
194.349 145.528
206.922 153.643
128.416 181.851
123.96 197.101
119.428 212.413
115.246 228.097
110.004 246.764
115.62 248.989
122.582 249.71
133.204 248.498
143.525 246.116
91.0904 188.545
97.6227 180.299
106.925 179.692
114.932 186.979
107.029 190.028
98.5771 191.153
159.003 183.003
167.035 174.456
178.158 174.492
187.827 180.207
178.832 183.779
168.364 184.838
106.407 278.759
111.077 272.465
117.758 268.532
125.782 269.509
138.313 268.797
150.381 272.903
163.633 277.271
152.653 282.738
140.493 285.633
127.741 286.106
120.098 285.814
112.914 283.749
120.15 278.216
126.662 277.675
139.895 277.719
139.575 276.44
126.978 276.19
120.262 276.4
