140.655 225.685
150.384 216.747
163.685 214.746
176.777 217.737
189.67 222.529
230.252 226.712
238.575 223.519
247.587 221.427
257.054 222.158
264.459 227.682
209.519 256.769
212.239 271.944
215.255 286.975
217.216 302.912
190.71 318.94
199.916 320.545
208.56 320.725
215.255 320.468
221.875 318.636
154.16 251.271
163.131 246.906
172.541 247.333
179.224 255.734
170.375 258.792
161.683 256.945
229.328 259.682
237.578 253.097
245.995 252.559
252.504 258.595
246.126 263.415
238.103 263.674
175.262 354.234
184.554 346.062
195.795 340.159
207.832 342.712
216.281 340.991
223.878 345.643
228.514 353.063
223.039 362.477
214.044 369.005
202.734 370.557
191.181 369.068
182.125 363.295
197.486 353.39
206.502 353.531
213.069 353.672
212.728 354.953
205.3 355.618
197.263 355.244
