177.908 192.223
189.492 185.793
202.9 182.931
217.214 183.521
230.657 187.682
263.324 192.257
268.05 188.085
273.56 184.673
278.511 184.019
281.45 187.881
250.016 220.719
255.402 234.38
261.234 247.045
267.083 260.066
240.811 278.755
249.012 280.326
256.941 280.714
260.188 279.919
262.689 277.848
189.728 218.189
201.01 211.494
212.605 210.651
218.755 220.676
210.618 223.844
199.474 222.685
254.67 219.568
262.28 211.658
271.553 210.216
274.738 218.374
270.969 223.619
262.81 223.06
221.055 309.47
231.351 303.011
242.213 296.86
254.654 295.898
260.333 294.763
263.428 299.783
261.847 306.087
260.948 312.385
257.632 317.242
251.996 320.03
240.961 319.457
230.535 315.784
239.828 306.55
252.532 306.156
256.909 305.253
256.281 305.681
252.293 306.778
240.302 307.374
