107.886 255.82
115.907 247.311
127.626 242.537
140.046 240.697
152.352 242.218
196.404 231.579
207.865 226.142
220.222 224.084
232.718 225.939
241.959 233.355
177.587 263.85
179.625 278.861
181.805 294.424
184.059 310.17
169.563 328.429
178.404 328.036
187.361 327.027
196.359 324.594
204.889 321.658
124.149 278.765
132.039 271.016
143.354 269.475
153.727 275.749
144.576 281.799
133.601 283.504
204.47 265.469
211.557 255.5
222.76 253.167
233.75 257.417
226.082 265.114
215.117 267.386
160.754 357.762
169.336 350.672
179.133 345.66
190.289 346.333
200.693 341.801
211.814 343.348
221.982 346.87
214.665 355.63
204.684 361.594
193.584 364.149
182.237 365.643
170.659 363.818
177.397 354.56
191.241 353.779
204.498 349.74
204.519 350.668
191.154 353.91
177.448 355.375
