124.661 180.115
136.13 171.251
150.521 168.781
164.98 169.922
179.058 172.875
217.27 171.564
228.049 167.883
239.393 166.234
250.638 167.624
259.593 174.18
202.842 195.511
205.657 208.601
209.02 221.974
212.105 235.453
193.788 254.113
202.024 254.041
210.477 253.867
217.334 253.567
223.718 253.364
142.146 202.562
152.097 195.057
164.222 194.016
174.286 201.741
164.103 205.65
152.72 206.171
222.117 200.155
230.7 192.769
242.089 192.012
250.834 199.235
242.35 203.567
231.979 203.137
180.092 285.833
190.416 278.886
200.66 272.816
211.704 273.956
220.458 272.343
228.981 277.043
236.759 283.183
230.129 289.533
221.537 293.356
212.533 294.487
201.224 294.242
189.736 291.475
201.287 282.597
212.134 282.518
220.841 281.937
220.795 282.217
212.081 282.978
200.887 283.073
