107.435 209.459
118.405 202.775
131.359 201.325
144.16 203.76
156.306 208.667
199.373 207.084
213.171 201.733
227.728 199.089
242.496 201.247
255.094 209.251
179.278 233.589
179.76 251.598
180.507 269.895
181.194 288.303
164.648 301.658
172.308 304.088
181.027 304.955
190.188 303.409
198.552 300.13
121.63 235.296
132.326 229.442
145.256 230.774
154.109 240.024
142.738 242.201
130.746 241.467
207.27 239.968
215.636 230.522
228.533 228.47
240.458 234.119
230.667 240.195
218.682 241.2
146.483 332.595
157.399 327.038
169.235 323.64
181.181 325.773
193.273 323.279
205.479 326.116
217.792 330.623
207.648 342.534
195.751 350.853
181.812 353.876
167.714 351.73
155.684 344.164
166.155 333.98
181.503 334.727
197.513 333.312
197.367 335.049
181.397 337.397
165.854 335.703
