78.2225 154.893
85.9973 151.779
94.5684 152.128
102.761 154.648
110.144 159.033
145.325 157.048
161.466 152.392
178.833 151.281
195.889 153.941
209.487 161.173
129.289 189.992
124.668 206.333
119.946 222.496
115.776 238.803
110.201 257.262
116.541 260.16
124.934 261.398
134.346 260.779
143.518 258.562
87.7751 186.175
94.5425 179.384
104.831 181.481
113.383 191.201
103.004 193.477
93.461 193.11
158.497 189.141
165.705 179.389
177.875 179.444
189.434 186.397
180.284 191.911
168.405 192.677
107.553 291.433
111.349 284.235
117.91 280.474
124.853 281.943
138.656 281.464
151.193 286.85
163.555 293.021
151.652 300.608
139.397 305.795
126.281 307.193
118.017 304.873
111.306 299.359
119.014 291.343
125.312 291.866
138.379 291.858
138.424 292.683
125.359 292.912
119.026 291.767
