83.5698 222.812
90.8135 216.303
100.103 215.109
109.72 215.687
119.853 217.123
165.444 218.983
182.245 217.668
198.345 219.123
214.366 224.093
225.286 236.299
136.344 253.49
130.181 271.165
123.254 288.114
116.748 305.685
112.235 320.991
117.268 322.552
123.38 324.097
132.966 324.878
142.507 325.259
89.9666 250.075
97.7863 244.05
108.837 246.651
117.873 255.473
107.472 257.004
97.3757 255.796
170.276 259.807
179.777 250.784
192.823 251.672
205.012 259.14
193.181 264.316
181.065 264.51
102.254 355.188
107.471 348.529
115.525 345.849
123.519 348.922
137.25 348.652
148.944 355.117
160.934 361.597
149.234 370.102
136.16 375.031
121.381 374.201
112.302 370.958
105.687 363.888
115.915 355.34
123.941 357.453
138.547 358.269
137.36 360.776
122.264 359.422
114.862 358.177
