128.96 221.366
139.065 212.907
152.574 208.941
166.486 209.438
178.967 213.579
215.314 212.97
226.551 208.737
238.804 207.837
250.234 211.447
258.942 218.527
199.244 238.562
200.558 253.984
202.593 269.532
204.565 284.517
186.04 298.169
194.257 298.704
202.989 298.769
210.795 298.478
217.953 297.466
144.217 243.859
153.509 237.288
164.346 236.269
173.205 243.56
163.741 245.944
153.591 246.197
220.506 242.746
228.822 236.213
238.41 236.006
246.749 241.706
238.389 244.843
229.031 244.704
171.182 327.223
180.498 320.359
191.423 315.476
202.91 316.827
212.811 315.209
222.569 318.865
230.303 325.258
222.506 332.061
213.304 335.492
203.153 336.226
191.711 335.67
181.34 332.709
189.65 325.849
202.705 325.736
214.345 325.407
214.325 324.049
203.201 324.961
190.128 324.507
