124.378 183.982
140.531 171.902
160.555 168.585
180.145 172.446
198.701 180.072
231.175 185.361
242.927 181.353
255.339 179.307
267.337 182.143
276.52 189.945
217.652 216.049
221.329 233.759
225.445 250.704
229.171 267.834
199.113 290.208
210.121 292.429
221.243 293.052
229.123 292.917
235.246 291.18
144.746 216.7
157.859 210.064
171.628 210.204
181.452 219.749
169.106 223.902
155.984 222.933
233.856 224.463
243.775 216.558
255.765 216.431
264.989 225.012
255.338 229.118
244.235 228.225
183.527 326.145
195.022 318.639
206.595 312.431
220.142 313.336
228.832 312.559
235.382 318.56
240.374 327.223
235.524 335.493
227.221 338.686
218.899 338.838
206.102 338.372
193.262 334.373
206.753 322.974
219.474 323.41
227.229 323.463
227.591 324.835
219.916 324.694
207.223 324.546
