79.4966 167.602
90.3683 160.109
102.95 156.375
115.461 156.548
127.04 159.299
172.734 154.954
188.937 151.051
205.547 148.866
222.553 151.787
237.832 160.264
153.179 191.631
151.991 208.89
150.221 225.422
148.565 242.226
137.121 263.912
144.54 264.845
152.151 265.412
163.087 263.696
173.943 260.165
99.7211 195.751
108.931 187.968
121.54 188.879
131.908 196.747
120.129 199.565
109.078 199.79
184.16 191.219
192.295 181.934
206.187 180.999
218.934 187.791
207.808 192.103
195.457 193.037
124.707 299.227
129.431 287.6
139.739 280.538
152.35 281.371
167.976 278.957
182.372 285.184
196.339 293.875
183.465 303.936
170.244 311.233
155.615 313.908
143.499 312.946
133.133 308.282
143.425 297.178
153.914 296.55
169.432 295.259
168.881 295.343
153.756 296.617
143.585 296.991
