79.5795 189.019
84.2024 186.66
89.0656 189.138
93.5296 193.322
97.1193 198.236
121.929 196.238
138.621 190.447
155.482 189.407
171.958 193.068
184.812 203.818
108.177 221.392
101.805 233.185
94.8674 244.144
87.517 255.738
87.0914 275.886
91.4021 277.263
95.7077 277.797
104.714 278.116
114.12 278.45
81.8479 222.351
85.1269 217.031
92.2642 219.335
97.9109 225.897
91.3962 227.496
84.9574 226.882
139.171 228.798
145.318 221.205
155.137 221.978
165.046 226.889
155.888 231.044
146.883 231.445
85.3635 312.879
83.7381 304.453
86.4217 297.86
92.336 298.508
105.59 299.566
118.096 305.111
130.045 312.13
118.779 319.35
105.862 323.071
93.3018 324.274
88.7824 322.133
85.9275 318.309
88.8625 310.652
94.3596 310.137
112.098 310.673
111.392 311.948
94.0798 311.526
88.5924 311.331
