175.164 184.115
187.882 176.192
202.753 172.639
218.073 174.286
233.036 179.572
257.978 185.753
263.802 181.736
270.058 179.432
277.438 179.461
283.698 184.252
246.896 208.06
252.262 219.378
257.585 230.316
262.837 241.194
240.475 258.322
247.412 259.737
253.841 260.42
258.672 259.76
262.807 257.962
196.866 205.218
205.362 202.335
213.615 201.568
219.412 207.256
212.546 210.315
203.935 209.239
255.781 208.998
261.23 203.709
269.064 203.808
272.368 209.356
268.076 212.585
261.476 211.78
228.288 287.959
236.869 280.808
245.632 274.999
255.933 274.63
262.106 274.793
265.73 280.158
267.191 287.529
266.03 292.942
261.863 295.687
256.119 295.894
246.278 294.899
236.579 292.469
246.034 283.523
254.106 284.465
258.949 284.283
260.386 283.295
255.284 283.803
246.551 282.539
