82.1973 151.424
85.1571 147.884
88.3743 146.339
91.9477 147.503
94.7209 150.268
128.609 148.799
143.121 146.144
158.281 145.731
171.507 151.15
181.996 160.965
107.813 178.327
100.946 190.031
93.7017 202.012
86.8404 214.64
87.5854 232.095
92.133 233.126
96.2584 233.555
103.441 234.356
112.005 234.301
84.6792 184.117
87.8641 177.525
95.6249 177.912
102.509 184.192
96.0368 187.222
89.0843 187.134
136.624 184.139
144.247 177.672
154.534 179.201
164.31 183.29
154.629 186.81
144.556 187.183
86.6524 263.64
84.8679 256.67
87.9435 251.081
94.7079 251.243
107.046 252.383
118.702 258.871
129.676 266.171
120.09 272.913
109.171 276.065
96.9624 276.899
91.0975 274.591
87.4709 269.854
91.4156 261.932
97.0355 261.547
109.83 262.474
108.805 265.451
96.4254 265.483
91.603 264.341
