153.106 210.447
165.731 201.101
180.927 196.528
197.22 196.137
213.522 198.872
250.294 205.004
256.792 200.604
264.373 197.579
271.805 198.82
278.341 204.594
236.153 236.011
241.841 250.32
248.003 264.277
253.858 278.292
228.305 298.537
239.046 300.456
249.714 300.668
255.586 299.372
260.559 296.921
173.71 238.772
185.202 232.238
197.349 230.736
206.385 239.678
196.421 243.747
184.484 243.39
248.484 240.375
257.63 231.674
267.516 229.984
274.553 236.483
267.592 241.595
258.415 242.958
217.07 332.627
227.26 324.157
238.118 317.158
251.147 317.761
259.247 315.928
266.114 321.972
268.158 331.364
265.477 337.608
259.862 340.855
252.361 342.439
239.917 342.383
227.402 338.94
237.156 328.323
250.801 328.488
258.856 327.793
259.207 328.38
251.338 328.785
238.339 329.133
