80.9442 176.158
86.6704 167.819
95.0625 163.676
104.594 164.069
113.21 167.81
151.491 164.587
167.874 160.659
184.276 163.102
199.072 171.186
211.426 182.419
132.451 203.294
128.254 217.774
123.532 231.303
119.302 245.131
112.905 267.999
118.15 269.684
124.477 270.676
134.2 270.386
143.396 269.552
87.8579 204.487
95.3619 198.061
105.885 198.995
113.618 207.674
103.937 209.67
94.2646 209.283
163.901 207.365
171.46 197.542
184.17 198.081
195.559 205.101
185.214 209.981
173.103 210.665
103.529 302.26
105.783 294.217
113.896 290.288
123.257 291.302
139.046 292.817
153.439 298.891
166.621 305.504
154.152 314.16
139.582 320.358
123.784 321.625
114.331 318.448
107.439 311.667
117.205 302.641
124.195 302.943
138.843 303.94
138.352 304.001
123.824 304.517
116.34 302.486
