176.403 206.945
188.003 198.721
201.628 197.32
215.075 198.424
227.805 201.669
251.889 207.283
255.326 203.389
260.317 200.804
265.789 199.67
270.753 201.506
245.304 226.66
252.573 239.451
260.196 252.479
266.9 265.661
241.439 281.154
248.336 281.488
254.323 281.951
258.591 281.834
261.436 281.259
190.808 226.321
200.189 221.808
209.423 220.997
215.409 228.434
207.916 230.223
198.359 230.254
250.57 228.101
255.904 221.84
263.345 221.358
267.851 228.085
262.363 230.713
255.481 230.166
222.044 312.675
230.735 305.169
241.829 300.782
253.461 300.185
258.466 299.058
262.701 303.578
262.501 310.976
262.287 317.576
258.399 320.627
253.027 321.282
241.971 321.032
231.172 318.794
240.074 309.045
251.889 308.581
257.798 309.005
257.236 309.923
252.22 310.711
240.245 310.844
