151.055 131.778
162.818 125.134
176.459 123.012
190.133 124.789
203.391 126.806
235.436 127.688
242.655 123.707
249.971 120.879
257.827 120.992
265.175 123.972
222.378 154.378
226.03 167.799
230.441 181.286
234.492 195.178
213.846 216.587
222.598 217.49
230.601 217.105
236.586 216.134
242.357 214.303
169.057 157.153
179.816 152.511
190.059 152.115
197.713 158.963
188.714 161.17
178.845 160.692
236.662 155.005
243.867 148.769
251.934 147.89
259.794 152.181
252.926 156.111
244.992 156.259
197.606 246.291
208.876 239.109
219.787 232.556
231.799 231.939
239.296 229.837
246.305 233.473
250.768 240.373
246.523 247.782
240.578 253.219
233.11 254.948
221.076 255.136
208.891 251.917
219.174 243.218
231.065 241.951
238.468 241.099
239.029 241.067
231.792 241.764
219.778 243.152
