81.4143 177.759
86.8483 175.764
92.6248 177.923
97.4562 182.016
101.65 186.927
121.866 180.711
137.26 177.129
151.894 174.369
167.236 174.955
180.397 181.836
115.58 209.418
110.884 224.511
105.876 240.793
101.518 257.133
102.444 271.194
108.497 273.979
114.758 275.407
123.543 274.041
132.245 271.575
91.0009 209.144
94.1285 202.056
102.517 203.149
108.991 210.346
102.319 213.058
95.0046 212.71
143.341 211.443
148.359 202.502
159.231 202.86
169.881 207.382
160.48 211.977
149.963 213.123
104.704 304.134
103.917 298.947
107.378 295.559
112.186 297.04
127.16 296.011
141.003 300.295
153.697 304.632
143.32 313.465
129.48 318.113
115.179 319.272
108.432 316.635
105.192 311.472
110.478 304.527
115.847 304.5
131.553 304.929
129.869 306.786
114.655 308.131
110.319 306.157
