79.7291 135.91
87.4782 130.875
97.5267 130.828
106.601 132.617
115.4 136.503
144.262 130.627
160.838 125.161
177.849 124.505
194.361 128.084
207.316 137.965
127.458 154.375
124.159 168.713
120.234 182.722
116.638 197.064
110.9 218.625
116.615 221.165
123.317 221.997
133.363 221.753
143.04 220.039
87.9675 162.464
94.3078 154.283
104.352 155.339
112.373 163.119
103.567 164.557
95.147 164.896
158.945 160.535
167.106 151.842
179.266 152.246
190.309 159.14
180.013 161.669
168.659 162.466
106.181 254.242
109.569 245.867
116.298 241.323
124.012 242.423
137.458 241.868
149.91 247.718
161.231 254.92
152.634 265.12
140.197 271.466
127.027 271.708
117.281 269.919
109.744 264.224
118.133 253.227
125.087 253.689
139.004 253.104
138.784 255.588
126.148 256.393
118.469 254.975
