130.019 245.08
143.852 240.947
158.406 239.659
173.226 240.029
187.399 242.236
223.908 237.947
233.931 235.06
244.42 233.893
254.895 234.911
264.19 238.613
205.515 261.879
207.515 278.937
209.726 295.868
211.766 313.081
190.167 325.835
199.646 328.436
209.825 329.1
219.052 326.89
226.647 322.693
144.298 266.242
155.353 260.605
166.949 259.876
176.319 268.181
166.194 271.528
154.748 270.712
225.925 266.004
233.484 257.67
243.913 256.324
253.503 261.584
245.528 267.51
235.37 268.508
174.778 355.973
185.755 348.938
197.761 344.021
210.224 345.228
219.471 342.138
228.583 345.469
236.074 351.555
229.089 360.312
219.824 365.968
208.865 368.224
195.978 367.76
184.411 363.06
195.965 354.33
209.832 354.419
220.569 352.058
220.396 353.768
209.334 356.165
195.144 355.576
