97.5996 186.082
100.971 180.522
106.917 178.098
113.648 177.501
120.123 178.929
154.238 177.14
167.35 173.136
181.42 174.153
194.131 179.408
203.085 189.792
134.639 208.189
130.408 220.632
125.768 232.615
121.702 244.931
116.318 264.926
120.546 265.377
125.356 265.136
133.382 265.264
141.489 265.117
99.7266 215.663
105.756 207.686
114.955 208.291
121.579 216.562
114.118 219.184
105.592 219.516
160.811 214.549
168.759 206.231
179.707 206.939
189.343 213.263
180.273 217.671
169.842 218.13
107.793 295.253
109.757 287.311
115.401 281.666
123.082 281.177
134.275 282.105
143.702 288.123
151.382 296.421
144.227 304.435
134.137 308.18
123.781 308.31
116.2 308.354
109.857 303.94
118.029 292.998
123.664 292.383
133.806 292.726
133.116 294.518
123.114 294.285
117.255 294.333
