130.958 212.633
142.619 206.6
155.394 204.358
168.554 205.586
181.006 209.63
219.89 211.78
229.073 208.09
239.397 207.619
249.169 209.496
257.372 214.777
202.056 233.407
203.603 248.063
205.368 262.587
206.771 276.825
186.744 294.826
195.379 297.035
204.064 297.971
211.562 296.956
218.311 294.306
145.429 233.645
156.093 227.987
166.647 228.038
174.1 236.653
164.796 239.004
154.86 237.988
219.964 238.506
227.947 230.773
238.099 229.854
246.152 236.356
238.507 239.91
229.084 240.243
171.423 326.286
182.376 319.582
193.298 314.026
205.494 315.615
214.6 313.699
222.233 319.073
228.043 325.925
221.773 333.067
213.77 337.705
204.342 339.269
192.315 337.904
181.283 333.14
192.258 324
205.05 323.669
213.36 324.166
213.238 324.999
204.736 325.573
192.038 325.029
