157.869 150.654
170.928 144.423
186.098 141.241
201.263 140.633
214.959 144.861
250.721 143.343
258.552 140.395
266.567 139.366
274.72 140.707
281.729 144.161
237.102 171.457
243.603 185.607
250.197 199.566
256.336 213.871
229.278 237.523
239.926 238.394
250.126 238.643
256.564 237.575
261.644 235.881
172.333 172.448
184 167.369
194.53 167.003
202.85 173.914
192.637 177.119
182.067 176.319
253.835 176.214
261.526 169.264
270.676 167.756
276.721 174.13
270.786 178.943
262.08 178.83
212.468 273.885
224.727 266.044
237.305 259.798
251.157 259.478
258.6 259.122
264.957 262.925
266.91 269.801
265.212 280.311
259.128 287.427
250.307 289.874
236.45 289.324
223.625 283.48
235.757 273.396
250.151 273.584
257.033 272.835
257.644 272.527
250.475 273.272
235.531 272.875
