142.281 242.588
155.848 236.27
170.627 234.677
185.657 236.243
199.737 240.199
236.558 243.851
245.006 241.181
253.087 239.907
261.47 239.615
267.577 243.713
220.974 260.152
225.015 275.719
229.279 291.283
233.019 307.247
203.451 323.185
213.503 324.93
223.869 325.073
230.432 324.529
235.713 322.526
155.023 262.839
166.809 256.395
178.927 255.318
186.975 263.296
177.367 268.005
165.947 267.9
231.687 265.978
240.345 259.055
250.343 259.064
257.631 265.956
250.193 270.603
240.495 269.944
176.654 349.717
192.917 344.127
207.968 339.36
223.386 340.565
232.221 339.658
240.008 344.159
242.817 352.439
237.43 361.698
230.035 369.842
219.062 372.142
202.361 369.677
188.604 361.056
203.673 350.309
222.651 350.143
231.186 350.734
230.904 355.422
221.228 356.278
203.15 354.735
