150.723 157.589
164.358 149.092
180.106 144.827
196.319 146.479
211.511 151.977
240.049 154.58
248.065 149.942
256.09 146.738
265.051 146.115
273.101 149.067
230.17 171.301
234.942 185.354
240.19 199.263
245.419 213.204
221.765 233.871
230.506 235.016
238.879 234.711
244.178 234.183
248.462 232.188
169.029 177.709
179.273 169.91
190.344 169.289
198.393 177.902
189.41 181.028
178.943 180.471
245.272 177.895
252.212 170.241
261.397 168.671
268.409 175.585
261.782 179.526
253.57 179.468
203.543 267.317
215.344 260.338
226.827 254.042
239.554 254.049
246.29 252.303
252.084 257.047
255.497 264.428
252.762 274.514
245.607 280.173
236.973 282.461
224.486 282.075
212.478 276.783
225.028 266.2
238.725 265.297
245.363 264.724
244.966 265.288
237.626 266.261
224.307 266.656
