146.382 269.18
157.376 262.01
169.674 258.038
183.118 257.396
195.068 260.348
234.069 261.945
242.534 259.522
251.37 260.132
259.103 263.203
264.967 269.742
217.022 287.465
220.924 301.738
225.074 315.609
228.937 329.55
208.829 349.491
216.262 351.418
224.112 351.62
230.061 351.058
234.405 349.243
161.083 291.125
171.15 284.214
182.184 284.135
189.113 291.616
180.629 293.933
170.928 293.796
234.534 292.359
242.156 285.856
252.25 285.865
258.225 293.473
250.844 295.014
242.345 294.542
187.35 382.967
199.532 375.036
212.422 370.849
225.622 372.66
234.505 371.067
242.412 375.016
247.517 382.53
242.246 390.371
233.802 394.471
224.288 395.473
210.665 394.157
198.24 389.934
209.192 381.646
225.141 381.676
235.1 382.032
235.059 383.739
225.155 384.378
208.975 384.01
