74.8635 158.185
78.5507 151.679
84.8819 148.895
91.3999 150.255
97.0247 153.738
127.053 145.849
141.558 140.847
157.844 140.101
173.568 144.18
185.758 153.084
111.252 178.849
104.913 193.129
98.4654 206.868
92.3184 221.223
92.7467 237.52
96.1501 241.397
101.125 243.213
109.355 242.762
117.961 240.368
84.9112 188.472
87.381 180.425
95.7336 180.422
102.963 186.592
96.1298 189.498
89.8194 190.109
139.664 184.348
146.928 176.356
157.841 177.187
167.154 182.512
157.891 186.071
147.951 187.141
90.6492 273.23
89.0129 267.047
92.9433 261.393
99.9721 261.097
112.621 261.349
124.611 266.08
135.706 273.478
126.241 282.402
114.342 287.226
101.193 288.545
95.2732 286.092
91.2263 280.503
97.8396 272.523
102.14 272.73
114.876 272.75
114.302 274.026
101.852 273.997
97.9344 273.668
