150.623 191.222
161.909 185.563
174.797 183.095
188.055 183.471
200.623 188.007
227.469 192.457
235.674 188.012
244.689 185.938
253.367 186.709
260.634 190.729
218.753 212.066
222.778 224.43
227.169 236.734
231.39 248.698
211.854 267.551
220.286 268.665
228.304 268.761
233.968 268.171
239.409 266.615
166.03 216.334
175.364 210.329
185.802 209.514
193.159 216.308
184.711 219.965
174.693 219.787
232.878 217.522
239.637 210.876
248.6 210.193
254.958 217.183
248.71 220.667
240.831 220.128
199.363 300.668
208.004 291.559
217.857 284.755
229.696 284.666
237.382 284.426
243.484 289.491
246.305 297.923
243.196 305.814
237.494 311.32
229.628 312.972
218.273 312.46
208.041 308.03
218.342 296.704
229.04 296.369
234.901 296.077
235.068 297.5
229.181 298.89
218.522 298.578
