90.2119 214.152
99.9574 208.056
110.898 206.572
122.474 208.189
133.3 211.813
173.339 211.962
190.378 209.587
206.998 210.273
223.246 216.416
237.125 227.027
150.232 241.981
147.561 258.815
144.731 275.072
142.565 291.922
130.734 308.967
137.719 311.664
145.844 313.115
156.272 312.533
166.304 310.468
101.47 243.891
111.559 238.228
123.077 239.958
131.771 248.299
120.132 250.452
109.403 249.472
181.427 250.094
190.8 240.496
204.392 240.37
217.142 246.99
205.48 252.161
193.193 252.803
115.557 344.484
123.414 332.918
134.706 326.293
146.943 328.542
161.969 328.61
175.566 336.583
187.813 347.621
175.709 356.749
161.121 362.301
145.742 362.464
133.659 360.384
123.089 354.223
133.884 340.81
145.843 340.171
164.187 342.462
164.731 345.724
146.235 344.999
133.627 344.109
