128.825 226.972
141.124 221.233
155.191 218.941
169.009 219.495
182.197 221.736
231.396 218.643
242.769 216.044
253.919 215.215
264.508 219.498
272.955 225.541
209.714 253.592
213.069 271.508
217.175 288.993
220.823 306.839
192.987 325.47
204.948 327.666
217.087 328.102
226.65 326.622
233.564 323.609
140.227 256.948
152.511 251.346
164.224 251.717
174.592 258.42
164.172 261.914
152.304 260.875
230.549 256.76
240.813 250.003
251.598 249.556
259.378 254.951
251.933 259.352
241.332 259.562
169.004 362.396
183.13 358.944
197.382 355.072
212.154 355.694
222.311 353.931
231.847 356.918
240.09 361.681
231.724 366.851
222.56 370.511
211.419 371.874
196.919 371.52
183.022 367.945
192.635 362.858
211.746 362.851
225.182 361.501
224.894 363.968
211.032 365.45
192.974 364.547
