109.509 177.722
120.139 171.052
133.021 168.334
145.868 170.544
157.939 175.766
199.147 173.25
210.924 168.732
223.651 167.607
236.266 170.444
246.235 176.842
178.671 200.046
179.286 214.989
179.883 229.805
180.399 244.613
163.633 260.603
171.512 262.17
179.981 262.594
189.055 261.058
197.894 258.452
122.802 203.498
132.431 197.767
143.756 197.898
153.284 204.901
142.65 207.542
132.236 207.472
204.813 204.108
213.304 196.873
224.467 196.331
234.849 201.48
225.751 205.754
215.108 206.268
146.594 287.713
156.711 280.51
168.509 275.534
181.069 276.543
193.887 274.752
206.257 279.037
217.247 285.728
207.783 294.57
196.013 299.221
183.144 300.17
169.851 300.017
157.223 295.791
167.433 286.521
181.923 285.718
196.838 285.742
196.905 286.275
182.517 286.483
168.029 286.948
