84.9104 179.821
89.037 174.459
94.5054 172.673
100.109 174.287
104.978 177.611
124.866 170.225
139.771 167.569
154.712 167.039
168.978 171.414
180.173 180.886
115.707 202.004
110.868 216.459
105.638 230.448
100.619 245.833
100.44 258.387
105.908 260.619
112.526 261.475
119.613 260.544
127.019 258.678
96.645 205.96
99.7054 199.577
106.872 199.771
112.604 205.314
107.12 208.547
100.991 208.632
138.943 205.382
144.614 197.87
154.406 197.989
165.973 202.409
155.787 206.985
146.212 207.686
103.783 287.454
102.706 282.242
105.995 278.871
111.355 279.07
122.945 278.123
134.661 280.778
147.111 284.65
137.043 291.841
125.76 296.858
114.079 298.758
108.188 297.969
104.168 294.118
109.634 286.951
114.388 287.607
126.168 285.749
124.964 286.833
113.481 287.804
109.846 288.004
