167.219 243.935
179.653 234.583
195.117 232.006
211.181 233.777
226.258 238.104
250.1 243.589
255.563 239.952
261.725 237.501
268.239 237.091
273.853 240.339
240.968 265.708
247.369 277.052
253.999 287.883
259.803 299.646
234.977 321.535
243.248 321.701
250.643 320.981
254.655 320.214
258.544 319.135
186.984 265.893
196.008 261.12
206.601 260.291
213.513 268.926
205.11 271.777
195.332 270.809
248.14 270.235
254.906 261.847
263.512 260.283
267.65 267.769
262.905 272.186
255.566 272.42
221.758 353.37
232.572 345.523
243.725 339.159
256.043 338.343
261.614 337.614
264.776 342.742
264.98 349.666
265.228 356.346
261.822 361.573
255.31 364.52
243.491 364.365
232.284 360.624
242.752 349.159
254.896 348.633
259.909 348.501
259.827 349.339
254.623 350.349
242.585 350.441
