70.9487 133.562
76.9724 126.623
84.9273 124.879
93.2104 126.753
100.117 129.868
126.718 123.371
142.811 117.444
160.104 115.254
177.507 119.412
191.227 130.269
112.558 163.263
106.379 175.803
99.7302 186.902
92.9006 198.806
94.4119 224.212
98.1667 225.261
102.493 225.336
110.055 225.095
118.024 225.569
80.6285 163.786
85.1605 155.738
94.7069 157.576
101.622 166.635
93.6462 168.342
85.7962 168.223
141.139 160.68
147.689 149.901
158.985 150.694
170.87 156.454
160.735 161.572
150.546 163.057
88.4207 258.984
86.9629 250.283
91.106 243.26
98.5855 243.58
111.798 245.308
121.533 253.341
129.355 262.493
120.991 270.096
110.618 274.061
99.0891 275.532
92.1483 273.206
88.5991 267.037
97.2003 257.208
100.287 257.195
110.365 257.55
108.893 259.333
98.7727 259.131
95.6117 257.464
