71.4764 155.093
78.1118 151.845
85.1847 154.336
91.1209 160.171
96.2621 166.577
117.964 165.213
134.539 161.16
151.899 160.343
167.423 166.57
180.184 176.737
102.543 198.296
96.1255 212.477
88.9581 226.757
81.6971 240.411
81.1142 263.462
85.5366 265.049
90.4817 265.585
98.6992 266.489
107.636 267.226
75.0634 195.212
81.8282 187.607
90.249 191.365
95.0742 200.417
88.2417 202.969
79.4133 201.639
131.62 204.351
138.847 196.223
149.367 197.66
158.388 203.252
149.157 208.094
138.95 207.537
80.165 298.241
79.4696 289.425
84.0623 285.067
89.8329 286.789
101.747 288.733
112.1 295.643
120.332 303.622
110.004 307.941
98.425 308.556
87.5398 307.522
82.9992 305.228
79.9713 302.376
85.079 294.373
90.3175 295.328
102.514 297.436
101.292 298.914
89.4129 296.848
84.2607 295.375
