124.548 233.519
137.177 226.849
153.078 225.646
168.861 228.048
184.088 233.077
225.718 232.497
237.671 227.372
250.177 224.524
263.174 225.492
272.752 232.899
207.748 254.136
210.3 268.724
212.949 283.239
215.482 298.003
189.01 319.238
199.995 321.862
211.037 322.72
219.35 321.914
226.028 320.055
140.973 258.161
152.667 251.118
165.192 252.161
173.587 262.15
162.983 263.315
151.657 262.701
231.024 261.45
239.434 252.795
250.629 252.191
260.125 259.48
251.279 263.081
241.207 263.176
172.165 355.275
183.782 346.048
195.964 339.239
209.738 340.686
220.329 338.684
228.992 344.716
234.934 353.969
227.523 362.164
218.509 367.557
207.799 369.777
194.72 368.389
182.674 363.405
194.602 351.803
209.111 351.521
219.161 351.14
218.642 352.407
209.016 353.273
194.405 353.237
