177.428 218.673
186.475 207.488
199.696 201.714
214.814 202.141
229.394 205.91
258.361 210.344
263.062 205.653
268.25 201.59
274.036 200.804
278.943 204.732
249.136 235.194
256.866 248.367
264.601 260.712
272.178 273.191
253.28 296.622
260.219 295.823
266.089 295.36
269.648 295.092
272.886 293.674
194.319 241.239
203.949 236.056
214.367 234.352
222.223 241.134
213.924 245.101
203.449 245.084
257.233 240.038
262.796 232.781
270.351 230.45
275.505 236.566
271.03 241.248
263.881 241.969
239.105 331.729
248.371 323.413
258.462 315.604
270.974 313.709
276.398 312.892
279.808 318.838
278.352 326.581
280.12 333.11
277.795 339.023
272.269 342.27
259.952 342.384
248.157 338.822
257.213 326.566
270.008 324.473
273.982 324.588
274.828 325.162
270.459 325.685
257.952 327.819
