182.794 203.928
192.51 196.53
205.342 193.252
219.428 192.567
233.211 195.451
265.051 198.858
270.065 195.476
276.032 193.397
281.928 193.553
285.403 199.209
250.562 227.014
257.205 241.717
263.973 255.982
270.633 271.158
243.281 288.752
252.062 287.752
260.573 287.432
266.687 285.845
271.507 284.323
194.728 228.222
205.527 224.529
214.779 223.375
221.68 229.82
214.225 232.258
204.432 232.18
259.473 228.218
266.782 222.917
274.135 222.025
276.959 227.073
273.494 231.231
266.729 230.713
230.426 318.239
240.005 310.611
249.635 304.65
260.849 304.594
266.244 302.897
269.645 307.895
268.792 314.974
268.508 320.726
264.43 323.98
258.888 325.337
249.701 324.503
239.878 322.585
247.686 313.759
259.205 313.648
263.344 313.15
263.266 314.361
259.746 315.918
248.211 315.861
