105.962 193.971
116.958 185.942
131.589 183.396
146.187 185.096
160.542 189.082
201.625 192.075
214.615 191.776
227.467 193.782
239.752 197.899
249.563 205.755
179.042 216.475
179.31 228.374
179.667 240.265
180.05 252.529
161.344 270.259
169.963 271.002
178.111 272.073
185.737 271.988
193.233 272.587
123.919 217.762
134.346 212.69
145.018 213.828
153.191 221.341
143.26 222.693
133.156 221.863
202.677 225.623
212.236 219.287
222.965 220.514
231.445 227.645
222.014 229.487
212.352 228.768
139.996 299.773
151.292 292.269
163.214 287.434
175.583 289.764
186.915 289.248
196.944 295.811
205.161 304.235
195.945 310.685
184.822 313.936
173.603 313.571
161.519 312.181
150.323 307.288
162.322 298.953
174.708 300.062
186.141 300.725
185.919 301.661
174.463 300.358
162.099 300.139
