91.9111 173.793
102.484 168.021
114.895 168.085
126.778 170.723
138.189 174.42
185.475 177.237
199.742 174.456
214.036 174.121
229.086 177.14
241.298 184.4
157.383 205.431
154.84 224.146
151.856 242.451
149.051 260.841
134.103 271.156
142.3 274.408
150.421 276.137
160.753 276.113
171.557 274.258
106.989 205.407
115.909 199.849
126.951 200.598
135.63 207.515
125.844 210.115
115.528 210.087
186.423 212.053
196.438 205.246
208.547 206.248
219.094 212.661
207.797 216.303
196.573 215.887
126.17 301.542
133.256 297.742
141.809 295.256
150.18 298.203
162.172 296.69
173.724 301.313
185.403 305.833
174.931 312.715
163.043 317.39
151.014 318.161
141.056 316.66
132.7 310.712
140.923 304.622
150.908 306.273
164.922 305.779
164.748 304.671
150.774 304.698
140.763 303.996
