91.3573 182.237
102.254 175.168
116.232 173.457
129.927 175.156
143.056 180.694
171.164 179.501
186.062 174.559
201.945 172.337
217.541 174.66
231.077 180.82
156.682 198.198
155.498 212.854
154.021 227.848
152.496 242.492
138.282 260.382
145.425 261.989
153.687 262.326
163.732 262.101
172.494 261.028
103.946 203.843
113.917 197.059
125.331 197.606
135.254 205.761
124.122 207.806
113.1 207.818
182.894 205.481
192.09 196.867
204.352 196.264
216.17 202.561
205.381 207.334
193.422 207.949
126.567 291.933
134.818 285.312
144.437 281.576
153.963 284.339
166.476 281.542
178.091 286.126
189.653 292.308
180.715 302.048
168.926 307.807
154.63 309.311
142.717 307.526
133.105 301.555
143.375 292.442
154.179 293.076
168.14 292.621
168.462 294.618
153.886 295.744
143.055 294.016
