106.221 155.317
115.456 145.282
128.721 140.961
142.742 141.43
156.543 144.449
195.859 141.406
210.006 138.462
224.629 138.75
238.445 142.374
249.754 149.82
177.02 171.942
176.974 185.796
176.936 199.584
176.711 213.049
162.537 233.443
170.17 233.209
177.752 232.705
186.434 232.599
195.441 232.069
125.184 177.785
135.329 171.385
146.438 170.959
157.016 177.697
146.394 180.592
135.421 180.985
201.945 175.412
212.062 169.345
223.001 169.374
233.692 173.971
223.093 177.667
212.199 177.873
152.713 265.791
160.07 257.534
168.548 250.759
179.161 251.793
190.823 250.631
200.495 257.196
209.522 264.616
201.186 271.637
191.124 276.08
179.987 277.183
169.174 276.691
160.492 272.525
167.244 262.072
179.595 262.011
193.274 261.629
192.657 262.267
179.342 262.672
167.443 262.71
