86.7341 209.823
95.8178 204.891
106.882 204.541
118.011 206.189
128.497 210.572
165.754 205.967
182.138 200.909
199.469 198.154
216.719 199.083
232.861 204.874
149.716 235.422
147.858 251.013
145.037 266.566
142.719 281.695
133.714 297.28
138.91 299.241
146.134 300.128
155.292 299.872
165.165 299.122
102.515 234.942
110.505 230.244
120.696 230.617
130.089 237.954
120.45 240.965
109.975 240.242
178.741 235.456
187.49 226.183
200.234 226.146
213.745 231.708
202.562 237.782
189.749 238.596
123.721 330.322
127.655 321.542
135.66 316.574
145.313 317.036
158.549 316.602
170.081 323.632
181.242 332.485
170.673 339.843
159.098 344.909
146.432 346.248
136.218 345.208
128.241 339.311
137.109 328.339
146.317 328.455
160.235 329.265
159.459 330.825
146.467 330.809
137.113 329.885
