79.2226 198.076
82.8201 190.814
88.639 185.152
95.9717 183.025
103.874 183.142
134.167 174.396
150.936 170.738
167.563 169.006
183.401 174.166
196.181 184.593
123.605 209.325
120.215 223.232
116.882 236.273
113.67 249.52
110.804 270.462
115.324 271.741
121.051 271.499
129.323 270.552
137.457 268.332
88.2708 223.258
93.9025 215.974
103.068 214.854
110.769 220.253
103.233 224.122
95.1141 225.324
153.268 211.082
160.61 204.228
171.619 203.7
182.073 207.792
173.065 212.236
162.778 213.516
104.86 305.568
104.736 295.347
111.256 288.6
120.574 288.235
133.918 287.193
146.198 293.341
157.469 302.086
147.226 310.293
135.714 316.287
123.508 318.935
114.573 319.25
106.798 315.358
114.159 302.096
121.974 300.293
136.558 300.04
135.223 302.713
121.595 303.621
114.527 304.053
