79.4235 184.245
86.71 179.729
94.7206 179.41
103.025 180.465
111.16 182.849
147.201 182.165
164.466 180.799
181.318 183.281
197.202 189.67
211.728 198.828
125.74 210.548
120.768 227.288
115.521 243.425
110.746 260.154
103.207 277.771
109.078 280.994
116.023 282.759
126.859 282.625
137.344 280.572
86.692 213.561
94.7275 208.152
104.308 210.289
111.974 218.111
102.225 220.435
92.6032 219.427
156.287 219.792
165.451 210.827
177.788 211.681
189.582 218.295
178.314 223.061
166.699 223.489
94.6957 313.756
98.3995 301.769
107.159 295.723
116.527 297.181
132.596 298.56
145.975 306.389
157.45 317.351
144.513 325.311
130.041 330.059
114.903 329.681
106.079 327.115
98.6611 321.424
108.129 310.05
116.003 309.876
133.085 312.539
132.746 314.307
116.013 312.297
107.674 311.333
