110.508 222.593
122.141 217.521
134.962 217.027
147.679 218.955
159.197 223.488
197.953 223.946
209.424 220.848
221.596 219.644
233.593 219.753
244.112 224.8
177.643 252.367
177.028 266.994
176.658 281.038
175.969 294.993
159.327 310.762
167.421 312.026
175.205 312.639
183.13 312.683
190.52 311.772
125.208 250.809
135.147 245.638
145.428 245.996
152.19 254.04
142.873 256.718
133.592 255.538
203.068 257.278
211.152 249.938
221.307 250.109
230.063 256.184
221.598 260.079
212.193 260.377
141.165 342.176
149.897 331.545
161.573 325.501
174.629 327.449
187.732 326.218
199.23 332.851
206.916 344.516
198.378 352.457
187.01 356.11
174.882 357.031
161.851 355.673
150.126 351.361
160.791 337.715
174.483 337.442
187.807 338.596
188.346 343.938
174.687 344.237
160.842 343.662
