81.839 227.314
91.2787 220.555
102.855 219.281
114.197 221.881
125.324 227.056
171.982 221.762
186.014 215.874
201.079 212.096
216.932 211.752
230.9 217.776
148.455 253.858
147.051 269.242
145.372 284.568
143.876 300.466
131.341 318.58
138.865 320.409
147.189 321.284
157.949 320.135
167.97 318.103
97.0903 254.943
107.115 247.354
118.518 248.62
127.4 258.329
116.624 260.952
105.477 260.628
180.197 256.303
187.938 245.226
201.332 244.113
214.292 251.093
203.319 257.495
190.798 258.861
120.569 349.288
128.81 344.087
138.638 341.487
149.151 343.114
163.394 341.773
177.035 345.888
192.251 349.693
180.687 360.859
166.179 367.175
150.573 367.973
137.698 366.281
127.666 359.583
140.262 352.206
150.097 352.809
165.5 351.608
165.949 352.413
150.81 352.897
140.078 352.177
