86.138 271.486
89.9217 266.603
94.8072 266.355
100.274 267.502
104.654 271.201
141.905 265.53
153.963 262.088
166.352 262.064
178.181 266.06
186.99 274.029
122.885 292.947
117.34 306.56
111.827 319.916
106.684 333.572
105.552 348.519
110.24 350.319
116.455 351.3
124.733 350.566
133.646 349.617
92.8179 296.876
96.6267 291.459
104.196 292.205
111.594 298.059
104.497 300.805
97.6443 300.688
150.297 295.334
157.518 290.044
166.019 291.199
174.93 295.165
165.977 298.884
157.118 299.289
101.717 378.27
101.37 370.366
107.807 364.937
116.243 366.71
129.244 364.717
143.161 369.025
155.483 376.21
145.219 384.408
132.463 390.013
119.349 391.955
110.967 391.027
104.366 386.142
110.884 376.822
118.813 377.776
133.898 376.454
133.401 377.589
117.874 379.587
110.363 378.809
