79.7736 163.518
84.1219 157.721
89.7219 154.302
96.4529 152.702
103.254 153.513
148.334 147.676
164.168 144.73
180.086 144.638
195.179 149.915
205.72 160.632
128.285 184.283
124.895 195.519
120.718 206.529
116.562 217.924
110.396 240.607
116.245 241.256
123.334 241.702
133.486 240.678
143.73 239.196
88.9005 192.785
94.4729 184.034
104.555 184.029
113.401 191.769
104.472 194.735
95.9678 195.286
159.319 185.354
166.604 175.804
178.344 175.709
189.442 182.475
178.876 186.359
169.017 186.939
104.8 274.811
104.265 262.837
110.469 256.624
119.214 256.907
132.935 256.553
145.454 262.563
156.879 272.384
146.573 278.656
135.195 282.813
123.017 283.857
115.749 282.588
109.375 279.657
114.743 269.526
120.462 268.264
134.464 268.599
135.209 269.88
121.551 270.13
115.434 270.115
