74.3739 205.502
76.704 198.35
80.8061 194.146
85.8598 192.895
91.8562 193.001
111.913 183.211
127.506 179.212
144.235 178.216
159.618 183.355
172.085 193.068
104.719 221.58
98.691 234.917
92.7742 246.823
86.8914 259.12
91.6765 277.143
94.5892 278.226
98.1989 277.581
104.235 277.559
111.189 276.483
83.1065 232.515
85.8631 225.296
92.9189 224.685
98.9454 228.953
93.7771 232.615
88.2024 233.981
130.571 221.068
137.052 213.5
147.182 214.107
157.642 217.858
147.901 221.671
138.687 223.1
91.631 312.049
87.3375 303.861
90.1999 296.338
97.6845 295.515
110.35 295.601
121.797 301.237
132.097 310
122.518 317.875
112.353 323.547
100.93 326.317
94.4207 325.412
90.3689 320.647
93.131 308.382
100.421 306.773
114.641 306.734
113.65 310.853
100.425 312.639
94.2327 312.114
