120.262 214.272
132.023 203.687
148.051 201.177
164.034 203.499
179.845 207.855
218.619 210.231
230.582 206.291
242.823 204.14
255.776 205.483
266.047 212.888
202.964 237.447
207.062 256.111
210.728 275.217
213.366 293.962
185.632 308.045
197.155 310.853
208.55 312.007
217.634 310.923
226.038 307.742
138.748 237.869
151.319 230.018
165.171 230.721
174.433 241.857
162.342 245.255
149.57 243.91
222.654 242.221
231.472 232.43
243.146 231.605
253.011 239.933
244.134 244.583
232.8 245.208
169.342 342.02
181.305 334.378
194.181 329.816
208.205 331.681
218.736 329.405
228.83 333.183
237.344 339.551
230.095 349.473
221.157 356.085
209.749 358.071
195.074 356.475
181.517 350.687
193.665 340.703
208.301 341.827
219.502 340.147
220.75 341.956
209.085 344.291
194.048 342.278
