99.3792 224.311
108.718 219.515
119.668 219.188
130.878 221.343
141.249 225.704
172.503 226.818
183.692 222.598
195.541 219.226
208.208 217.858
220.876 220.695
156.674 250.003
155.107 262.984
153.201 275.633
151.315 288.514
139.002 303.031
145.63 305.044
152.717 305.968
161.792 305.404
170.254 303.88
113.111 252.098
121.74 248.22
130.767 249.635
138.173 255.297
129.59 257.507
120.831 256.954
181.702 255.215
188.512 249.27
197.831 248.964
206.994 252.537
198.913 256.667
189.951 257.465
129.974 332.076
136.142 325.755
144.036 322.068
152.779 323.718
163.971 322.79
174.25 327.582
184.228 333.357
173.641 337.45
164.09 339.906
153.806 340.06
144.812 339.152
137.027 336.688
145.55 331.367
153.298 331.824
163.912 332.138
163.43 331.181
152.949 330.538
145.358 330.561
