146.112 178.931
157.573 168.114
172.759 163.073
188.588 161.149
204.141 163.436
239.405 163.968
245.681 160.314
252.728 159.217
260.311 161.692
266.984 167.4
227.225 192.589
233.659 206.101
240.132 218.619
245.737 231.583
220.67 256.019
229.65 256.208
238.039 256.287
244.678 255.735
249.951 254.562
167.417 199.215
177.367 191.845
188.668 190.149
197.697 197.422
187.308 200.362
177.042 201.342
239.465 197.538
246.174 188.342
255.059 187.038
260.673 195.027
255.081 198.107
247.346 198.735
212.499 291.693
221.52 281.958
231.279 274.081
243.074 273.574
251.9 272.295
257.762 278.936
258.684 287.867
257.708 296.861
252.14 301.688
244.66 303.69
233.096 304.323
221.712 300.412
232.959 285.565
242.033 284.212
248.809 285.014
248.882 287.201
242.61 288.95
233.264 289.41
