182.641 182.845
194.837 175.126
209.162 173.122
224.167 175.392
237.783 182.08
264.18 190.992
269.622 187.225
275.465 185.942
281.108 188.123
284.632 194.216
250.915 214.813
256.517 227.885
262.234 240.412
267.232 253.189
243.378 271.947
251.066 272.288
257.109 272.867
261.444 272.761
264.87 271.489
196.501 208.82
207.503 204.44
217.738 204.611
223.158 213.114
215.406 215.084
205.581 213.595
258.54 219.876
266.738 212.794
275.256 212.451
277.163 221.331
272.595 223.887
265.582 222.827
223.031 302.673
234.185 296.406
246.354 292.269
258.788 292.439
264.104 291.471
266.655 295.394
264.112 300.902
263.885 308.265
260.112 312.952
254.545 314.518
242.768 312.837
232.325 309.244
245.454 300.871
256.043 300.676
259.329 300.535
258.449 301.213
255.75 301.816
245.463 301.874
