79.1231 159.736
83.8519 154.164
90.6349 151.779
97.0031 152.948
102.562 155.431
147.326 154.714
162.073 151.765
177.037 152.628
191.535 156.683
203.614 165.132
124.224 191.625
117.898 207.189
111.579 221.984
105.128 237.35
97.4787 253.788
102.393 256.768
109.108 258.537
120.197 258.252
131.193 256.698
85.18 193.971
91.6479 186.656
101.397 188.415
110.174 197.03
100.358 199.537
90.4092 199.402
155.342 196.003
163.824 185.561
175.738 186.494
186.658 192.48
177.218 197.544
165.968 198.39
90.4019 288.628
91.3448 277.582
98.7262 272.713
106.737 274.365
122.174 274.862
134.574 281.791
143.213 292.989
132.403 303.47
117.873 307.289
103.888 307.343
96.1213 305.233
89.8803 298.915
101.66 283.973
107.406 283.749
120.916 284.808
117.5 294.534
104.214 294.877
99.8604 291.786
