82.5147 197.303
85.8717 191.442
90.2335 189.609
94.8299 189.981
98.7003 192.094
123.825 180.648
137.391 177.583
151.779 176.691
165.287 180.928
174.449 190.792
110.713 219.218
105.375 230.528
99.2546 240.336
93.1442 250.319
92.1124 272.203
95.8992 272.15
100.386 272.013
107.485 271.191
114.658 270.579
87.0568 223.393
90.1531 216.706
97.8544 217.38
104.181 223.558
97.6033 225.676
91.0915 226.044
132.634 219.033
137.402 209.177
147.295 209.468
157.403 213.526
149.699 218.484
140.615 220.54
86.4852 300.963
84.9076 293.854
88.5243 288.034
95.2906 287.73
106.952 286.928
116.831 291.299
125.416 298.074
116.912 302.909
107.75 306.026
97.1704 307.732
91.4696 307.918
86.8262 306.111
92.0074 298.586
97.1458 297.841
108.937 296.13
107.648 296.117
96.1416 297.362
91.0323 298.733
