170.637 171.124
184.198 159.045
200.107 151.636
218.857 152.219
236.517 157.134
262.624 163.269
266.514 159.02
271.799 157.545
277.639 158.536
282.447 162.43
254.377 197.379
261.402 212.123
268.621 226.521
275.698 240.27
248.634 247.601
257.565 250.88
266.248 251.742
272.214 249.352
275.754 244.803
197.968 200.775
208.726 195.405
219.536 193.923
228.02 201.007
219.523 203.43
208.148 203.596
261.604 202.268
268.395 194.096
276.454 192.991
281.856 199.031
277.434 203.489
269.689 203.879
240.609 260.218
250.021 257.507
258.773 253.322
269.21 251.526
275.388 252.604
277.034 256.789
276.172 260.381
277.663 266.745
276.459 272.038
270.979 275.236
258.555 274.322
247.981 268.526
257.268 259.047
267.961 257.345
273.405 258.584
273.969 266.738
270.083 268.95
258.113 266.437
