84.5176 242.554
89.0049 237.795
94.0146 234.944
98.3253 236.022
102.223 239.814
109.513 231.588
122.744 227.551
136.846 227.887
149.312 233.822
159.018 244.476
104.822 256.969
97.2241 270.54
88.8489 283.384
80.6085 296.639
79.2 312.172
83.4056 316.949
90.1291 319.129
97.5136 319.236
105.767 316.117
88.9671 263.827
92.7391 258.187
97.6419 257.934
100.984 262.656
96.8802 266.371
92.0387 266.399
123.493 260.931
128.489 255.013
135.251 256.332
141.567 261.805
134.245 264.281
127.678 264.44
79.1867 339.271
79.1446 335.191
80.6926 332.613
85.4648 333.531
96.1112 335.26
106.571 340.696
116.675 349.186
107.809 354.437
97.6589 356.713
88.8369 356.264
82.3768 353.162
79.012 347.079
81.7009 339.497
88.0586 339.311
101.335 342.914
101.554 348.841
89.1982 346.424
82.5429 344.179
