93.992 232.216
103.092 225
115.32 224.147
126.846 226.283
137.733 230.7
173.333 229.487
188.116 225.959
203.771 225.907
218.583 229.809
231.538 238.561
153.377 255.468
151.465 271.192
149.165 287.094
147.21 302.786
134.196 314.183
141.494 317.47
148.973 318.774
158.624 317.877
167.778 315.101
106.036 253.844
115.114 247.404
126.165 249.075
134.973 258.105
124.434 260.454
113.361 259.834
181.892 259.764
190.784 250.516
202.42 250.455
213.397 257.802
203.058 262.456
191.884 262.451
127.33 343.449
133.816 337.425
141.735 333.734
150.017 335.897
160.547 334.322
169.753 338.994
177.999 345.215
170.317 351.78
160.414 355.241
150.404 355.292
141.788 354.626
133.826 350.737
141.672 342.651
150.378 343.848
160.109 343.294
160.18 343.052
150.482 343.147
141.809 342.683
