110.364 204.935
122.229 198.65
136.725 198.653
150.691 202.052
163.962 207.537
194.956 210.037
207.639 205.117
220.802 202.49
234.157 203.763
244.76 210.553
180.178 230.471
180.071 242.892
180.076 254.941
180.192 267.464
165.196 285.071
172.164 286.066
179.31 286.561
185.767 287.176
191.607 287.438
124.598 231.57
135.397 226.061
146.373 227.172
155.482 235.444
144.617 237.102
133.898 236.473
201.327 237.867
210.925 229.994
221.615 229.82
231.331 235.993
222.034 240.021
211.734 240.382
148.712 314.759
158.575 308.203
168.32 303.351
178.948 305.635
189.4 304.718
197.751 311.643
205.332 319.354
199.827 329.168
189.56 332.986
178.385 332.496
166.534 330.169
155.924 324.348
168.562 313.859
178.74 315.417
188.117 316.005
188.266 317.873
178.543 317.336
168.254 315.193
