89.2168 188.469
92.5928 184.66
97.4009 184.331
102.077 186.481
107.066 189.132
135.218 183.492
147.284 179.904
160.102 179.312
172.335 182.606
183.621 188.732
118.498 213.292
112.416 228.33
105.916 242.365
99.7164 256.556
102.665 271.668
105.544 274.585
109.137 275.321
118.047 274.961
126.612 273.396
98.081 215.635
100.022 209.067
107.659 209.801
114.421 215.873
108.02 218.985
101.257 219.276
144.629 216.051
149.535 207.304
159.174 208.06
169.562 212.635
160.727 217.479
151.188 218.528
107.679 300.351
105.032 295.939
106.738 290.255
111.066 291.346
124.042 291.482
135.508 296.702
147.757 301.186
138.431 308.148
127.55 312.339
116.201 313.995
110.769 311.311
107.959 306.033
110.738 300.305
113.603 301.315
128.094 301.094
128.359 302.207
114.351 302.227
111.377 300.683
