147.804 166.339
159.634 158.005
174.491 155.59
189.637 156.768
203.744 160.302
239.601 159.088
245.771 156.305
252.232 154.503
258.993 154.26
265.435 155.922
227.478 183.103
233.085 196.107
239.236 208.581
244.437 220.627
221.366 242.089
229.97 243.156
238.588 243.159
244.706 242.257
249.412 240.527
166.868 192.495
177.071 185.012
188.718 183.075
197.767 190.324
188.321 194.767
177.23 195.569
240.498 189.073
248.362 180.987
258.112 179.836
264.318 186.114
258.795 191.453
249.583 191.744
208.311 274.601
219.06 267.328
229.448 260.5
241.295 260.843
248.706 258.691
255.793 263.486
260.832 270.451
256.899 277.209
250.805 281.629
243.251 283.28
231.103 283.512
218.853 281.351
229.39 270.395
241.442 269.756
249.005 268.955
249.84 269.41
242.603 271.211
230.392 271.756
