166.399 218.956
180.387 209.36
196.168 206.15
212.729 208.499
229.085 213.489
254.908 215.13
261.354 210.645
268.591 208.421
276.348 207.439
282.636 211.755
243.859 244.931
249.719 257.247
256.125 269.085
261.933 281.87
234.367 300.295
243.83 301.17
252.78 301.706
258.222 300.762
263.447 298.31
186.477 241.906
198.608 237.74
209.434 237.494
215.584 245.061
206.775 248.021
196.133 247.026
253.749 245.396
261.21 237.435
269.671 236.443
274.948 241.674
270.437 247.011
262.298 247.146
213.407 332.255
225.893 326.018
237.721 320.508
250.934 320.497
256.455 319.049
261.714 322.11
263.463 327.758
259.824 332.836
254.813 336.894
248.57 338.909
236.931 338.652
225.605 336.339
238.793 326.925
250.691 326.533
253.685 325.968
252.886 325.974
249.135 327.115
238.104 327.314
