81.9306 144.645
90.2199 140.036
100.019 140.539
109.244 144.036
117.485 149.713
149.572 149.049
164.186 145.079
179.924 145.076
194.295 149.569
206.936 158.287
130.7 172.188
126.748 187.82
122.182 202.748
117.87 217.506
108.981 233.185
114.306 235.953
120.68 237.322
130.014 237.485
138.869 236.201
87.599 173.746
94.6857 168.103
104.755 169.676
112.252 177.29
103.241 178.914
93.6134 178.648
156.993 180.26
165.921 173.448
177.161 174.592
187.382 181.073
176.755 184.581
165.701 184.269
101.952 264.975
106.026 257.895
112.579 254.489
119.288 256.562
131.908 256.249
143.322 262.099
153.692 269.562
143.039 275.567
131.825 278.926
119.972 278.452
112.328 277.035
105.89 272.589
113.591 264.537
119.968 265.1
132.492 266.563
132.55 267.249
119.896 266.37
113.316 265.408
