148.724 234.162
159.536 226.779
173.129 224.428
186.592 224.912
199.974 227.01
238.214 226.431
243.525 225.318
249.089 224.684
254.622 226.246
259.2 229.463
222.072 253.315
227.731 266.05
234.392 277.925
239.891 289.783
213.368 311.837
222.808 312.087
232.318 312.094
238.943 311.454
243.85 310.805
163.567 259.493
173.584 253.658
185.278 252.435
194.395 260.534
184.035 264.135
172.855 263.889
233.805 260.613
241.623 252.094
250.618 251.574
256.54 259.269
250.444 262.637
242.32 262.982
201.6 345.429
212.106 336.662
222.849 330.298
234.415 330.465
242.419 329.233
248.907 334.287
252.412 342.45
247.765 348.961
241.519 353.168
234.663 354.908
222.957 354.655
211.944 351.387
221.666 341.681
234.731 341.635
241.762 341.173
241.691 342.317
234.302 342.771
221.552 343.283
