168.433 219.631
178.458 210.848
191.726 206.266
205.454 203.891
219.218 205.812
249.31 208.637
252.941 205.097
256.994 203.619
261.757 205.047
265.645 210.283
239.431 239.888
246.366 252.189
252.806 264.049
258.669 276.574
233.073 293.853
241.084 294.576
248.044 294.499
251.417 293.807
253.365 292.543
185.114 242.377
195.006 237.284
205.131 236.071
212.941 243.903
204.278 246.982
193.639 246.547
245.299 243.065
251.609 235.299
259.363 233.64
262.488 240.598
259.341 245.218
252.561 244.935
216.295 325.434
225.799 319.1
235.11 314.175
244.7 313.279
249.22 312.11
252.162 315.972
249.731 322.004
250.809 329.684
248.32 334.976
242.818 337.777
232.297 337.516
223.039 333.032
232.429 323.731
243.276 322.18
246.701 322.495
246.835 323.28
242.807 323.999
232.028 325.412
