90.8121 238.801
100.943 232.438
114.053 231.164
126.868 233.234
139.314 238.206
173.438 235.7
187.909 231.605
202.425 229.125
217.128 231.925
229.143 239.505
154.312 257.68
152.855 272.204
151.217 286.645
149.909 301.365
136.558 319.727
142.573 322.127
149.872 323.034
159.748 322.43
169.242 320.008
106.452 262.092
115.551 255.195
125.82 256.302
133.671 264.145
123.618 266.143
114.329 265.683
182.875 263.785
190.347 255.101
201.598 254.518
212.274 260.882
202.956 264.701
192.634 265.469
127.075 354.813
132.245 345.893
140.167 340.426
150.009 342.486
161.815 340.674
172.402 346.239
182.729 353.865
173.763 362.195
162.965 366.943
151.297 368.399
141.419 367.66
133.058 362.729
141.847 351.751
150.415 351.972
162.19 351.384
161.977 351.681
150.324 352.261
141.622 352.002
