88.45 181.015
95.7068 170.97
108.144 166.198
121.529 165.884
133.615 169.659
173.124 164.559
187.893 159.245
203.018 157.953
218.138 159.26
230.46 166.635
152.97 193.35
151.808 209.243
150.088 224.536
148.697 239.73
138.29 262.38
144.85 263.489
152.394 263.424
162.841 262.565
172.593 260.8
103.174 204.946
112.051 197.718
122.937 197.98
133.093 204.466
123.255 207.367
113.038 207.812
182.496 199.306
191.163 191.323
202.832 190.419
214.37 195.598
204.153 199.879
193.143 200.868
127.972 298.1
133.004 287.758
141.735 280.937
152.611 282.166
165.58 280.247
177.583 286.481
187.411 295.977
178.319 305.67
167.276 312.54
154.122 315.2
142.572 314.302
133.451 308.058
144.702 294.626
153.126 293.712
166.201 293.4
165.832 296.471
152.829 298.344
144.138 297.018
