81.0832 187.781
85.4521 180.938
91.0261 178.795
96.7971 178.96
101.711 181.328
125.633 172.793
141.171 168.972
157.086 169.35
171.504 174.352
182.06 184.88
112.812 209.321
106.845 222.997
100.627 235.398
94.1309 248.727
92.9555 266.944
97.1168 269.688
102.928 270.34
111.351 269.784
120.205 268.237
87.1115 213.29
90.1449 205.464
98.5309 206.142
103.859 212.991
97.92 214.573
91.204 214.952
139.583 207.528
144.599 198.19
154.427 199.027
163.895 203.812
155.843 206.739
147.357 208.262
91.8749 298.879
89.7721 291.759
93.8967 286.834
100.045 288.076
113.405 288.156
125.605 293.937
137.135 300.938
126.356 307.756
114.628 311.545
102.42 313.269
96.4221 312.484
92.0125 307.792
95.8454 299.132
101.594 299.293
116.555 299.077
115.656 299.655
101.499 299.257
95.9328 299.383
