152.098 216.461
162.352 207.579
175.452 204.022
188.913 203.422
201.651 206.297
239.745 202.381
247.588 197.622
257.11 195.872
266.239 196.549
272.897 201.318
225.688 224.734
230.118 237.415
234.553 249.49
238.697 262.091
217.289 283.593
227.127 283.612
237.438 282.852
244.571 280.862
249.902 278.578
170.031 235.305
178.189 229.435
188.499 227.49
196.871 234.779
188.123 237.188
179.042 237.567
244.337 231.016
251.969 223.702
261.224 221.783
267.942 228.332
261.167 232.033
252.581 232.193
204.108 315.418
215.618 308.808
226.678 302.939
239.13 302.151
247.732 299.946
255.751 303.684
261.818 310.518
255.868 316.573
249.567 321.395
240.82 324.516
227.915 324.498
216.144 320.406
224.644 311.858
239.442 311.094
249.086 309.252
249.908 310.601
240.305 313.045
225.348 313.334
