86.2941 140.948
94.3649 137.477
102.55 136.455
110.284 138.511
117.097 142.292
144.535 140.171
161.705 135.736
179.688 137.171
196.71 142.823
212.202 151.163
128.375 172.206
122.279 189.487
115.787 206.466
110.028 223.648
108.775 240.073
114.433 242.838
121.034 243.671
131.931 242.657
143.286 240.337
96.4297 173.582
102.108 165.382
111.536 166.734
118.883 176.172
109.998 177.665
101.861 177.304
160.555 175.79
168.082 166.594
180.275 167.058
191.823 173.901
181.058 177.695
170.112 178.336
107.173 265.073
110.976 261.612
117.483 259.681
124.573 260.786
140.32 260.893
155.187 264.951
169.981 269.365
157.23 280.871
141.668 285.97
126.505 286.631
117.985 283.736
110.773 276.418
121.601 271.59
126.066 271.626
139.02 272.109
138.739 272.934
126.279 272.036
121.474 271.035
