71.6852 163.223
79.5479 159.11
89.0413 159.702
97.8416 162.737
105.801 168.175
139.358 162.478
155.27 156.584
171.628 155.264
187.815 157.292
202.965 164.181
122.06 192.003
117.763 208.792
113.218 225.078
109.513 241.787
102.117 259.269
108.212 262.541
116.224 263.792
125.641 262.742
135.49 260.901
80.3255 192.653
87.6577 186.852
97.6093 188.915
105.875 197.708
96.4271 200.55
86.6733 199.785
153.316 196.983
161.443 186.518
173.918 186.375
186.985 193.058
176.28 199.573
163.802 200.536
97.0538 292.499
99.2216 283.872
105.731 278.93
114.061 279.397
128.714 279.675
141.925 285.946
154.353 293.724
144.409 305.627
131.571 314.143
116.981 315.574
106.503 312.781
99.2844 304.578
108.386 291.801
115.376 292.114
129.262 292.409
128.884 294.502
115.674 295.741
108.227 294.299
