86.6211 157.189
94.6207 153.243
104.962 152.091
114.957 153.635
124.296 157.273
151.266 154.716
164.715 150.351
179.225 148.942
193.791 151.172
206.597 156.491
134.745 176.672
130.554 190.872
126.329 205.03
122.22 218.83
113.704 236.551
119.899 239.162
127.517 239.875
137.283 239.376
146.785 237.357
92.9781 180.669
100.871 173.711
110.732 174.453
119.043 183.148
109.491 185.007
100.165 185.096
162.168 182.552
170.346 173.23
181.709 172.807
193.109 179.448
183.283 184.39
171.966 185.416
108.073 267.346
113.27 261.414
120.726 258.863
127.785 260.835
140.453 259.584
152.399 264.031
164.437 269.883
155.129 279.885
143.49 286.429
129.126 287.169
118.946 284.453
111.943 277.525
120.515 269.431
128.466 269.741
141.522 269.665
142.041 272.594
128.57 272.975
120.332 271.525
