183.242 183.369
194.065 173.889
208.103 169.622
222.693 171.983
236.452 176.571
261.707 183.56
266.969 179.846
272.414 176.55
277.402 175.064
282.214 176.543
250.004 207.042
255.809 221.714
262.086 235.589
268.06 249.265
239.232 266.933
247.886 269.099
255.719 269.954
261.693 268.393
266.39 264.91
200.482 207.984
211.223 203.771
220.9 202.826
226.905 209.921
219.335 213.155
209.981 212.384
255.15 208.968
261.849 202.601
269.433 201.56
272.587 207.226
268.449 211.097
261.898 211.372
225.17 294.388
236.513 289.389
247.671 285.003
259.459 284.553
264.784 283.199
267.385 286.784
267.092 289.151
265.252 295.758
262.172 301.406
256.858 303.88
245.552 303.539
235.144 299.78
243.519 293.783
256.794 293.052
261.804 291.576
261.881 291.342
257.352 292.23
244.211 293.401
