113.289 207.136
127.503 197.843
143.752 192.366
160.672 191.435
177.372 193.93
226.552 193.355
240.887 188.505
255.998 187.158
270.192 190.899
281.117 200.197
206.751 223.423
209.243 239.537
211.837 255.283
214.452 271.955
192.581 292.169
202.599 293.082
214.23 293.344
223.711 291.546
231.818 288.442
140.154 231.749
150.895 225.53
162.773 224.41
172.869 231.247
162.749 235.085
151.175 235.033
232.804 229.477
242.794 222.674
254.911 222.071
265.25 227.597
255 232.869
243.67 232.828
176.217 333.276
186.193 322.487
198.808 314.243
214.043 313.412
227.295 312.095
238.655 319.057
247.26 328.637
237.075 335.118
227.036 340.058
215.547 341.507
202.19 341.729
189.454 338.342
197.695 326.058
214.782 324.374
229.471 324.217
229.788 326.832
215.109 327.459
197.662 328.096
