74.4755 126.239
80.0536 118.153
88.9154 115.88
97.6505 117.556
105.737 120.802
150.7 114.758
167.934 109.138
186.685 107.948
203.844 114.289
217.213 126.757
125.847 158.191
120.097 173.134
114.219 186.817
108.739 200.824
102.254 228.066
107.178 230.642
114.073 231.392
124.049 230.622
134.335 228.567
81.9374 165.09
87.2373 155.212
98.6857 155.837
107.704 165.207
98.5288 168.947
88.2827 169.682
159.422 162.809
167.592 151.971
180.51 152.39
191.849 159.914
181.36 164.657
169.333 165.968
97.0394 270.227
97.5681 259.035
104.656 251.922
114.293 251.748
129.205 252.589
142.039 260.234
152.9 270.634
141.964 278.537
129.157 282.129
115.849 283.138
107.815 282.779
100.429 278.946
108.334 265.599
115.767 264.708
127.671 266.164
126.684 268.028
114.714 267.598
108.06 267.261
