152.316 169.524
164.761 162.467
178.83 159.646
193.608 160.506
208.48 163.744
236.979 161.761
244.759 158.093
252.284 156.688
259.863 157.771
266.107 162.382
223.667 190.652
228.045 203.955
233.115 217.533
237.996 231.396
214.127 250.865
224.012 251.666
233.725 251.284
240.437 249.745
246.249 246.547
169.747 195.18
180.102 188.929
190.982 188.397
199.756 194.209
190.707 198.459
180.184 198.439
235.823 191.919
243.202 184.427
252.369 183.507
259.289 189.682
252.962 193.97
244.444 194.363
197.599 284.449
210.006 278.67
222.009 273.237
234.824 272.484
241.696 270.747
248.126 273.181
252.779 278.304
247.942 285.825
241.769 290.663
234.501 292.552
221.836 292.587
209.423 290.025
220.129 281.573
234.259 279.948
241.369 279.542
241.076 280.099
234.452 281.73
220.321 282.063
