177.804 191.57
190.857 181.018
206.973 176.428
223.816 178.549
239.502 184.042
264.995 187.64
268.693 183.747
273.189 180.572
278.226 179.551
283.602 182.351
253.911 216.928
259.503 228.839
264.525 240.387
269.5 252.407
244.261 272.007
252.501 274.003
261.321 274.959
266.7 273.377
270.344 270.102
197.952 215.285
208.459 211.886
218.143 211.379
225.143 218.134
216.44 220.654
206.758 219.426
260.094 217.774
266.64 212.504
274.31 210.985
278.116 216.356
273.956 220.669
267.355 220.036
223.845 303.067
237.4 296.621
249.518 290.702
263.216 291.355
269.359 289.409
273.972 294.204
273.958 300.883
271.87 307.929
267.992 312.86
262.038 314.488
248.9 314.035
236.175 310.136
246.277 301.805
261.057 302.284
266.674 301.406
267.319 300.335
262.585 300.187
247.282 300.32
