127.239 230.525
137.42 223.827
150.114 220.48
163.792 220.513
177.104 223.472
221.61 221.976
233.395 217.905
245.589 216.47
257.969 218.076
267.905 224.72
202.269 247.645
204.047 264.744
206.229 281.633
208.059 298.331
192.313 315.749
198.817 316.607
206.439 316.41
213.231 315.328
219.172 312.779
141.574 257.699
151.219 250.072
163.285 249.511
172.536 257.052
163.099 261.276
151.526 261.192
225.338 255.115
234.226 247.864
244.921 246.919
254.383 253.14
246.174 258.741
235.442 258.513
173.932 352.306
183.193 344.575
194.332 340.115
206.963 340.493
216.848 338.066
226.46 340.255
235.049 345.456
229.455 358.543
219.164 366.133
206.444 368.741
193.37 368.316
181.539 362.528
192.583 350.326
206.969 349.143
218.873 348.468
218.484 349.686
206.597 351.898
192.146 351.819
