129.693 222.577
139.703 213.452
152.476 209.162
165.827 207.936
178.822 210.613
215.83 207.884
225.084 203.647
235.451 203.553
245.477 206.606
252.983 213.867
200.845 237.951
202.611 251.646
204.519 265
206.399 278.59
190.061 295.915
197.22 296.737
204.884 296.834
211.607 296.2
218.198 294.577
146.634 246.665
156.768 240.105
167.773 239.422
176.98 246.98
167.047 251.166
156.305 251.082
219.515 244.956
227.557 237.466
237.29 236.769
246.211 242.599
238.333 247.792
228.625 247.611
177.967 328.409
185.655 319.78
194.431 313.852
204.523 314.426
214.001 312.633
223.259 317.332
230.271 325.002
225.577 334.957
216.092 339.541
205.884 340.179
195.359 340.768
184.842 337.519
195.129 324.417
204.879 323.421
215.112 323.124
215.685 325.152
205.207 325.664
195.268 326.17
