144.721 228.479
155.14 222.367
167.892 221.937
180.029 224.408
191.686 227.573
237.913 230.624
246.871 226.941
256.635 225.075
266.152 225.246
273.361 231.164
217.738 256.16
220.949 270.492
224.599 284.785
227.6 299.473
202.422 313.786
212.348 316.076
221.982 316.949
229.871 315.394
235.922 312.4
156.293 256.035
167.142 249.893
178.81 250.026
186.259 257.658
176.708 261.572
166.147 260.38
237.432 258.985
245.869 252.228
255.726 251.56
262.771 258.707
255.183 262.775
246.186 262.305
185.086 343.181
196.361 333.952
208.824 328.398
222.335 330.744
231.821 328.138
240.098 332.775
246.445 340.731
238.831 345.811
230.658 350.924
220.782 352.893
207.619 351.725
196.081 348.389
204.54 339.902
221.882 339.479
233.384 338.849
233.471 338.753
221.408 339.985
203.671 340.701
