119.046 204.652
133.253 199.575
148.664 198.293
163.355 198.089
177.086 199.784
235.166 198.447
246.9 195.09
258.215 193.394
270.143 195.025
278.493 202.08
209.008 235.313
212.454 252.95
216.302 270.358
219.767 287.845
195.184 309.707
205.24 311.533
216.728 311.369
225.551 310.232
233.135 307.373
135.056 240.123
149.72 230.962
164.593 230.63
174.466 242.314
161.998 246.594
148.992 245.558
232.107 240.997
242.782 229.975
255.239 228.169
266.062 236.142
256.5 243.103
244.901 243.32
177.772 347.635
190.822 339.09
203.947 332.359
219.344 332.404
229.602 329.882
238.254 334.953
245.863 342.02
240.27 351.88
231.254 359.204
219.188 362.217
203.992 361.329
189.959 356.122
200.886 344.398
218.638 343.703
231.029 342.697
231.111 345.715
217.876 347.042
200.36 347.138
