198.813 203.767
210.347 197.172
223.731 197.065
237.319 200.066
249.652 205.061
272.424 217.683
276.481 213.016
281.227 209.768
285.608 209.783
289.403 213.312
259.277 240.048
266.248 255.074
274.027 268.512
281.653 282.211
254.065 300.325
263.467 301.763
271.192 301.933
275.3 301.212
279.244 298.884
206.145 235.544
217.738 231.136
227.319 232.494
233.13 241.187
224.946 242.946
215.184 241.569
266.672 243.879
273.768 238.316
280.804 237.824
283.812 244.767
279.645 247.861
273.142 247.302
241.87 333.583
253.944 326.288
265.184 320.064
276.953 319.792
282.634 319.367
285.088 324.364
283.722 329.864
282.648 335.863
279.246 340.618
274.347 342.091
264.214 340.772
252.891 337.958
260.201 328.954
274.699 327.596
280.009 327.903
279.5 328.456
274.656 329.178
260.642 330.293
