71.0878 211.333
73.7204 206.518
77.5679 205.428
81.5773 205.123
86.433 205.537
116.42 200.646
133.617 196.24
150.718 197.529
166.845 202.855
180.017 214.485
106.826 238.127
99.7334 253.004
92.4986 267.35
85.5611 282.289
89.6145 301.687
92.5774 303.253
96.8689 304.719
105.213 304.408
114.239 303.881
78.3697 240.288
83.1359 231.289
93.2355 231.446
103.268 239.747
93.2226 244.343
83.5623 245.317
137.016 236.02
144.253 225.589
156.426 225.668
169.581 232.437
158.702 238.38
146.716 239.401
86.9043 334.744
88.0173 329.019
93.3198 325.95
99.3378 325.952
112.784 326.385
125.697 330
138.969 334.852
127.291 342.963
114.415 347.416
99.6182 348.409
92.6915 346.816
88.2297 342.223
93.8912 336.134
99.9093 336.955
114.365 336.077
114.089 336.691
99.1399 336.989
93.2309 337.489
