85.8441 201.804
93.0941 192.52
104.721 188.671
116.875 189.428
128.592 192.94
173.618 190.656
189.644 185.508
207.103 184.024
224.013 186.876
237.813 195.847
153.553 229.79
151.588 247.045
149.538 264.194
147.58 281.49
136.725 298.553
144.735 301.242
153.384 301.918
164.284 300.165
174.917 296.537
101.071 233.545
111.073 226.567
123.324 227.752
132.845 236.373
121.866 240.162
109.999 240.43
185.833 231.808
193.752 222.275
207.821 220.723
220.945 226.567
210.341 233.625
197.168 235.097
130.741 329.271
135.854 322.14
143.411 317.672
152.8 318.929
165.264 317.748
176.67 322.268
188.219 327.623
178.068 333.07
166.452 336.343
155.176 337.424
146.614 337.049
137.867 334.101
145.089 326.718
153.493 327.233
165.749 326.497
165.88 325.448
154.342 325.742
145.725 325.605
