77.1748 146.834
84.2814 141.686
92.5633 141.784
99.8288 145.812
106.554 150.059
148.525 145.314
162.691 139.426
177.809 135.993
193.553 138.76
205.418 147.884
125.101 174.965
119.943 187.53
113.765 199.175
107.599 211.112
102.121 231.238
107.316 232.435
112.825 233.236
121.454 233.87
130.584 234.063
85.7924 179.229
92.9419 173.277
102.224 174.258
110.974 181.186
101.64 183.475
92.634 183.446
157.709 181.43
166.589 173.603
177.374 173.543
188.552 179.534
178.503 184.094
167.423 184.559
94.0473 265.529
100.316 260.572
107.052 257.546
114.051 258.465
127.881 258.682
140.99 263.694
154.544 268.594
142.997 276.079
129.136 279.5
114.842 279.672
106.135 278.277
98.5138 273.616
108.084 266.545
115.019 266.851
128.534 267.172
128.757 268.226
114.812 268.113
107.03 267.617
