88.6897 187.021
98.0406 179.903
110.029 178.435
121.794 180.192
132.865 185.445
176.015 183.322
191.749 180.69
207.433 181.054
223.258 183.384
235.431 191.826
153.808 217.522
151.447 235.867
148.47 253.658
146.097 271.428
130.023 282.781
138.524 285.515
147.185 286.981
157.571 286.528
167.604 284.872
103.236 217.603
113.435 210.208
124.987 211.192
133.966 221.344
123.054 222.078
112.199 221.666
179.889 222.205
188.919 211.703
201.055 212.339
212.14 219.895
201.36 223.4
190.479 223.811
118.286 309.328
126.06 304.419
135.418 301.773
145.31 305.027
159.805 303.498
172.458 308.773
184.812 314.416
173.035 323.406
159.586 327.753
145.483 327.672
134.028 325.562
124.584 318.988
135.462 313.046
145.462 314.673
159.536 314.708
159.372 315.803
145.9 315.308
135.542 313.612
