125.452 197.107
137.32 189.106
152.718 188.507
167.153 191.025
180.708 196.385
222.857 196.808
233.316 193.871
243.74 193.255
254.747 194.432
263.52 200.37
201.836 227.28
203.698 244.204
205.902 261.397
207.382 278.692
184.774 289.517
194.389 291.83
204.813 293.065
213.492 292.009
221.725 290.355
144.16 226.291
155.53 219.786
167.84 220.357
176.96 230.062
165.71 232.166
154.155 230.78
221.454 231.149
229.837 222.526
241.053 221.739
250.743 228.948
241.982 233.422
231.347 233.353
167.344 317.554
178.976 312.752
191.293 309.093
204.321 311.532
214.465 308.98
223.592 312.751
231.797 318.503
224.103 326.875
214.316 331.935
203.159 333.015
189.932 331.924
177.707 326.81
189.666 319.437
204.014 320.167
214.401 319.479
213.413 320.727
203.446 321.429
189.841 320.205
