71.6017 207.05
75.1231 205.315
80.0528 206.959
85.3638 212.145
88.7561 218.569
107.069 207.163
123.102 201.167
139.487 199.054
155.503 204.068
168.872 216.249
99.8285 241.966
93.7322 258.344
86.6977 274.069
78.948 290.737
82.5379 307.465
88.0126 310.375
95.1885 311.813
104.115 310.48
112.853 308.479
84.396 244.99
85.8562 238.291
92.1112 239.287
96.9356 246.251
92.9514 248.766
87.9444 247.959
125.768 244.924
130.808 235.046
140.599 234.441
151.222 239.516
141.488 245.563
131.963 246.731
88.9716 341.85
88.2292 337.348
89.3822 331.593
94.9057 332.267
108.786 330.979
122.163 334.221
135.39 339.244
123.357 345.417
110.631 350.38
97.9609 352.046
92.7256 349.766
90.337 345.155
93.1492 340.742
98.2219 341.298
114.048 339.756
113.758 342.301
97.5972 343.604
93.0694 341.985
