154.19 209.886
165.369 201.682
179.606 198.172
193.769 198.827
207.237 203.159
239.26 204.908
245.901 200.858
253.418 199.807
260.521 201.368
266.273 205.785
227.112 227.538
231.904 239.328
237.21 250.674
241.811 262.18
219.929 286.258
229.307 286.367
238.723 286.438
245.156 285.402
250.961 284.085
170.092 231.266
181.605 225.285
192.533 225.365
200.392 233.777
191.02 236.263
180.166 235.289
238.349 233.39
246.102 225.368
254.955 224.566
262.742 231.139
256.569 234.608
247.432 235.244
201.764 318.684
213.28 310.023
225.698 303.131
240.096 303.205
248.513 301.747
255.912 306.039
261.16 313.774
256.403 322.76
249.18 328.448
240.211 330.23
226.521 330.432
213.314 326.441
226.34 316.056
239.537 314.814
246.202 314.258
246.138 314.563
239.647 315.199
226.617 316.279
