90.2573 165.022
98.075 162.262
107.518 163.57
116.314 166.303
124.432 170.44
154.168 170.317
167.728 165.468
182.088 163.185
196.885 163.975
210.601 169.828
138.718 199.056
133.691 215.518
128.485 231.552
124.103 248.05
117.846 261.754
123.794 264.749
130.569 265.36
141.251 264.466
151.835 262.259
98.8454 196.771
105.937 189.798
116.589 191.123
123.845 200.333
114.254 203.559
104.647 202.727
164.004 202.051
171.294 192.624
183.792 192.481
195.443 199.499
185.397 205.142
173.681 205.982
118.943 290.664
121.023 285.09
127.11 282.083
134.373 283.352
147.87 281.818
160.131 286.159
171.506 291.484
161.499 301.427
149.203 307.488
136.056 308.011
128.143 305.306
121.938 299.43
129.569 292.54
135.78 292.544
148.297 292.839
147.58 293.02
135.693 293.551
129.508 292.603
