132.828 208.407
144.787 201.541
158.563 198.789
172.225 200.596
184.827 205.278
218.688 200.607
229.599 195.887
241.15 193.747
252.948 195.651
261.395 203.318
203.967 225.032
205.791 241.379
207.67 257.922
209.402 273.808
189.422 286.23
197.854 288.658
206.793 289.436
214.802 287.852
222.141 284.423
144.577 231.918
154.658 224.784
166.344 225.361
174.654 233.442
164.648 236.994
153.639 237.062
224.213 231.92
231.871 223.114
243.039 220.706
252.259 227.501
244.457 233.679
234.059 233.86
174.239 315.057
184.144 308.007
194.718 303.679
205.81 306.211
214.329 303.457
222.899 307.005
230.262 313.098
223.605 320.889
214.624 324.825
204.668 325.97
193.348 325.338
182.554 322.067
193.507 313.342
205.338 314.413
214.83 313.458
214.768 314.118
205.236 314.797
193.192 313.983
