104.269 196.167
112.386 187.625
123.864 184.107
136.151 184.045
148.82 185.455
203.598 183.818
217.156 181.774
230.246 181.58
243.158 185.513
252.783 193.991
176.705 217.046
176.529 233.79
176.572 250.469
176.865 267.454
156.85 285.669
166.846 288.503
177.282 289.527
188.823 288.169
200.101 285.349
119.198 225.462
128.418 220.257
138.834 220.334
148.603 224.993
138.663 226.431
129.074 226.601
208.572 223.288
217.761 217.895
228.161 218.37
238.058 223.429
228.236 224.658
218.232 224.718
144.221 319.484
154.038 311.389
165.643 305.94
177.971 308.25
191.113 306.26
203.658 310.683
214.569 317.68
205.039 329.963
192.567 337.497
178.007 340.124
164.597 338.539
151.954 331.773
161.666 319.985
177.743 321.793
195.255 319.835
194.453 320.775
177.294 322.761
161.432 321.34
