77.1086 147.845
81.9395 145.961
87.511 146.911
93.0498 152.261
96.267 159.291
114.673 150.702
132.161 144.421
150.181 142.892
167.144 148.755
181.445 160.163
103.794 183.884
96.6311 197.524
89.2949 210.863
82.1263 224.337
82.4435 241.651
87.3056 244.884
92.9772 246.999
101.667 246.421
111.195 244.609
80.097 182.724
84.7038 176.191
93.0639 178.13
99.4384 184.73
92.3598 187.281
85.0074 186.1
133.288 185.119
140.363 177.618
151.348 179.262
162.246 182.545
151.73 186.756
141.465 187.866
81.5725 276.469
81.7704 271.104
84.6824 268.039
90.9662 269.169
105.699 269.833
119.849 274.565
133.59 280.294
120.402 286.237
105.368 287.423
90.804 287.402
85.7866 285.383
82.6596 281.461
88.6794 276.442
93.1233 277.166
108.444 278.086
106.401 278.218
91.4059 277.191
88.5451 276.876
