183.993 161.048
195.793 156.481
208.757 153.89
222.3 153.98
235.763 156.35
258.63 160.033
264.838 158.423
271.214 157.569
276.278 159.151
281.392 161.403
246.822 181.604
252.153 196.858
257.768 211.823
263.288 226.48
240.23 239.709
246.959 240.898
253.7 241.511
257.978 240.576
261.095 238.825
193.49 179.936
204.47 175.173
214.678 174.411
220.222 183.497
212.409 184.654
203.083 183.434
253.404 184.775
259.807 177.048
267.845 176.089
271.347 183.335
266.785 186.573
259.942 187.047
222.718 270.667
232.471 262.286
243.597 258.03
255.934 258.549
262.188 258.893
265.279 263.835
263.082 270.575
262.158 278.763
258.277 284.334
251.72 286.837
240.857 285.528
230.359 280.325
241.066 268.569
253.236 269.605
257.837 269.178
256.619 271.015
252.156 272.42
241.229 271.295
