111.574 229.418
119.963 221.018
132.301 216.908
145.817 216.744
158.445 220.392
205.568 221.863
217.426 218.035
230.312 217.598
242.025 221.443
249.775 230.029
182.005 245.963
182.533 261.45
183.032 276.859
183.058 292.381
165.134 308.343
173.267 310.133
181.666 311.148
190.371 310.502
198.531 309.119
124.587 251.128
135.5 244.347
147.484 245.434
155.798 253.771
145.676 254.811
134.983 254.44
205.449 253.289
214.719 244.836
226.354 244.183
236.214 250.802
226.801 254.528
215.914 255.064
148.209 340.118
158.882 331.482
170.728 327.359
182.65 329.924
194.573 327.78
206.21 331.769
216.725 339.612
205.69 347.311
194.441 352.516
181.686 353.933
169.363 352.231
158.69 347.504
167.444 337.912
182.337 339.096
197.311 338.121
197.679 339.398
182.229 340.484
167.215 339.099
