117.453 210.46
133.603 202.118
151.478 199.097
169.051 200.884
185.786 206.317
218.123 205.547
232.123 200.438
247.22 197.69
262.608 198.56
275.015 206.885
203.982 231.064
204.67 250.574
205.97 269.879
206.911 289.26
184.541 302.097
195.101 305.135
206.196 305.761
215.378 304.325
223.545 300.545
140.329 232.628
151.971 225.446
164.885 225.607
173.438 235.367
162.406 237.715
150.825 236.815
227.68 234.739
235.904 225.693
247.564 224.252
257.39 230.37
248.646 235.856
238.013 236.633
162.018 331.384
176.556 328.711
190.582 325.904
204.808 327.858
214.696 325.531
224.761 326.821
233.687 329.655
226.169 339.886
216.21 346.91
204.095 349.536
188.827 348.038
174.494 341.682
187.763 333.174
203.969 333.992
215.65 332.444
216.382 334.49
205 336.4
188.172 334.947
