142.506 220.116
155.947 209.165
172.648 204.353
190.138 205.39
207.074 208.939
238.811 211.17
246.634 209.652
254.667 209.253
262.532 211.838
267.815 218.052
223.794 235.325
227.15 246.679
231.382 257.578
235.099 268.217
212.539 289.892
220.763 291.164
228.856 291.864
234.035 291.601
238.785 291.021
167.814 240.107
178.165 233.632
188.952 232.875
196.395 240.814
187.4 243.87
177.367 243.334
236.639 243.676
245.292 237.535
254.001 237.219
259.111 244.741
252.758 248.348
244.706 247.198
194.867 321.373
206.018 313.757
216.693 307.568
228.262 307.354
235.806 307.484
241.867 313.144
244.198 322.306
239.634 326.787
233.431 328.783
227.01 328.7
215.944 328.401
205.073 326.466
217.617 317.837
227.776 317.281
232.266 318.029
232.546 317.906
227.739 316.677
217.368 317.186
