81.248 196.226
90.7674 186.209
103.007 181.373
115.752 180.029
128.243 182.698
176.198 180.137
192.232 177.078
208.915 177.363
225.141 181.197
237.52 192.246
152.414 222.093
151.283 240.977
149.857 259.516
148.724 278.448
134.312 294.031
142.482 295.729
150.8 296.237
161.511 295.029
171.396 292.409
94.0295 226.346
103.852 219.738
115.707 220.572
124.928 227.976
114.518 230.331
103.41 230.658
185.41 225.29
194.269 216.652
207.265 216.02
218.497 221.916
208.076 226.542
196.545 227.379
124.093 328.023
130.795 319.426
140.187 313.917
150.43 316.202
163.892 314.289
176.334 319.865
187.41 327.644
175.651 334.215
164.11 337.83
151.811 339.262
141.856 338.36
132.481 334.535
140.829 325.029
151.003 326.115
164.973 324.883
164.742 324.661
151.375 326.267
141.431 325.148
