79.1395 212.168
86.6828 209.295
95.1976 208.733
103.627 210.036
111.904 211.713
146.482 211.151
160.852 208.057
176.146 206.691
190.778 209.752
204.181 214.919
131.309 238.552
128.239 254.526
124.866 269.976
121.553 285.793
113.353 297.318
119.065 300.478
125.253 301.902
134.761 301.105
144.633 298.898
89.8603 235.933
97.2788 231.221
106.575 232.142
114.463 239.672
105.146 242.292
96.0484 241.152
159.644 239.508
167.863 231.567
178.729 232.105
189.757 237.051
180.328 242.209
169.482 243.131
107.786 326.104
112.413 319.526
119.102 315.271
126.357 316.47
139.638 316.342
151.362 321.055
162.242 328.258
152.13 335.054
140.399 338.81
127.737 339.823
119.214 338.186
112.635 333.365
119.612 325.847
126.939 326.825
140.188 326.625
140.32 327.819
126.801 329.348
118.855 326.874
