91.4175 162.989
99.0964 156.449
109.271 153.655
119.536 154.931
128.313 160.231
179.235 159.405
193.719 154.582
209.312 155.552
224.054 162.032
234.689 172.423
150.587 190.357
147.769 205.839
144.882 221.044
142.839 236.473
132.26 253.593
138.663 255.263
145.438 256.058
154.997 256.29
163.72 255.161
99.5372 193.317
107.882 187.497
118.767 188.676
127.497 194.949
117.935 197.503
107.796 197.837
183.807 195.871
192.742 189.609
204.301 190.448
215.258 196.878
204.43 200.438
193.513 199.789
120.74 285.848
127.768 280.327
135.662 275.752
145.059 277.612
158.313 277.593
169.341 284.856
179.753 291.478
169.48 299.171
157.528 303.668
144.368 303.443
134.176 301.226
126.012 295.175
135.79 286.271
144.66 287.247
158.131 288.201
157.83 289.375
144.283 288.783
135.049 287.366
