156.683 216.154
166.041 208.261
178.166 203.674
191.073 202.11
204.339 203.17
244.078 209.455
250.764 209.489
256.938 211.043
262.463 214.509
266.541 220.013
225.506 240.581
229.601 254.41
234.233 267.83
238.308 280.755
211.444 298.759
221.227 301.26
231.167 302.643
238.421 301.225
244.07 298.199
171.496 240.505
180.132 234.604
190.877 234.68
198.58 242.398
189.348 245.009
179.512 244.243
237.391 246.767
244.775 239.737
253.403 239.257
258.906 246.47
253.223 250.186
244.83 249.483
196.098 329.094
206.917 322.81
218.624 318.683
230.942 320.207
238 319.083
243.809 322.769
245.826 329.532
241.156 335.668
235.383 338.452
228.957 339.234
217.552 338.077
206.151 335.476
216.043 327.575
229.942 328.596
235.979 328.497
235.387 328.671
229.705 329.195
216.74 328.676
