108.733 202.872
118.142 196.923
129.937 195.281
141.626 196.579
153.005 198.975
200.875 196.686
212.519 193.98
224.127 192.628
235.781 193.83
245.246 199.892
178.409 223.116
179.27 238.473
180.155 253.718
181.069 269.096
165.285 279.405
172.718 281.733
180.317 282.813
188.446 281.562
195.99 278.736
125.009 223.832
134.862 219.211
144.848 218.868
153.714 224.82
144.532 226.911
134.806 226.732
201.684 223.779
209.802 217.302
219.584 217.03
229.178 220.95
220.386 224.495
211.103 225.432
151.814 309.74
159.63 302.682
169.204 298.224
179.328 299.785
189.232 298.463
198.248 303.472
206.771 309.66
198.24 314.569
189.165 317.451
179.136 318.346
169.164 317.543
159.916 314.765
168.592 307.187
179.269 307.38
190.169 307.247
189.486 307.925
179.116 308.568
168.6 307.588
