121.768 188.521
134.095 179.706
149.15 176.425
164.43 178.127
179.659 183.046
219.002 184.673
231.69 179.532
244.955 177.483
258.184 179.674
267.866 186.925
201.763 206.437
203.73 219.835
206.052 232.589
208.156 245.408
188.875 269.15
197.922 268.535
207.44 268.313
216.155 268.012
224.357 268.225
141.604 211.928
152.165 204.547
164.544 204.312
174.51 212.911
163.59 215.55
152.344 215.369
226.486 212.186
235.318 204.146
246.633 202.986
255.795 209.345
247.111 214.294
236.7 214.849
175.354 306.62
184.386 296.506
195.244 289.675
207.952 290.397
218.746 288.778
228.288 294.394
235.384 303.673
228.132 312.346
218.553 317.159
207.055 318.917
194.736 318.647
183.716 315.053
195.584 302.853
207.765 301.729
218.37 301.719
218.085 302.877
207.227 303.474
195.073 303.749
