157.581 222.904
168.51 215.965
181.337 214.075
194.586 215.265
206.778 218.548
240.061 220.343
246.052 216.571
252.246 214.132
259.148 214.11
265.685 216.541
228.16 239.232
234.137 252.579
241.006 265.51
247.447 278.6
221.292 297
230.52 297.794
239.711 298.407
245.872 296.871
250.548 294.506
169.567 242.514
179.256 236.329
189.757 235.461
197.745 242.904
188.658 246.017
178.441 245.87
239.342 243.255
246.613 235.699
255.65 234.65
261.952 241.143
255.684 244.248
247.531 244.252
202.812 327.418
213.214 320.018
225.368 315.301
237.972 315.236
244.798 314.396
251.166 317.718
254.841 323.387
251.612 331.766
245.207 335.959
237.791 337.025
225.334 336.534
213.12 333.687
222.32 325.059
237.168 324.832
244.725 324.126
245.319 324.612
238.076 326.055
222.923 326.183
