74.3445 133.411
78.2188 124.547
85.645 122.55
93.608 125.538
100.362 130.277
119.303 122.217
135.697 113.584
153.814 109.856
171.573 113.428
185.042 124.352
110.168 155.791
104.851 168.397
99.9324 180.199
95.1585 192.481
95.0209 212.447
97.8724 214.117
102.013 214.22
109.013 213.472
116.895 211.728
81.6451 160.855
85.059 152.09
93.0512 153.757
99.2227 160.754
92.4518 164.116
84.9633 164.801
137.429 156.126
142.724 145.822
153.422 146.062
164.026 151.402
154.884 156.381
145.291 158.297
89.0892 243.581
88.504 234.912
92.4762 227.436
100.193 227.005
113.26 226.912
124.612 233.007
134.594 240.007
125.734 248.248
114.279 252.303
102.051 254.302
95.7991 253.413
90.7766 250.208
95.6541 239.706
101.75 238.066
113.634 237.624
113.171 240.297
101.352 241.028
95.9373 240.673
