122.173 164.462
134.847 157.036
149.857 154.416
164.348 154.946
177.789 158.66
224.006 162.306
231.936 158.359
240.946 156.259
250.83 156.217
259.015 161.015
203.658 186.474
206.264 202.054
209.479 217.605
212.484 233.39
190.676 252.468
199.609 254.262
207.904 254.781
215.673 253.846
221.611 251.709
142.257 186.368
152.659 178.397
165.822 178.707
173.797 189.486
163.525 193.32
151.594 192.495
221.135 190.167
229.251 180.896
239.967 179.304
248.578 187.206
240.985 192.617
231.074 193.088
170.024 285.851
181.947 280.413
193.79 275.737
206.654 276.14
214.434 274.622
222.059 277.546
227.627 284.173
222.518 293.863
215.076 300.033
205.539 302.067
192.004 301.172
179.761 295.642
192.545 285.063
206.168 284.576
214.212 284.541
214.211 287.341
206.178 288.833
192.505 288.03
