145.036 170.861
160.033 162.959
176.588 161.248
192.52 163.701
207.334 168.446
235.27 169.117
243.09 162.955
252.301 158.381
262.488 157.435
270.715 162.16
226.458 187.884
230.874 201.752
235.537 215.474
239.925 229.147
215.777 250.651
225.504 251.77
235.142 251.067
241.276 249.86
246.363 246.768
165.044 194.865
176.273 189.026
187.499 188.376
196.314 195.148
186.833 199.402
175.993 199.305
238.228 191.805
245.832 184.29
255.6 183.006
263.131 189.003
256.684 193.932
247.392 193.868
199.386 284.637
209.928 276.159
221.258 269.154
233.971 268.575
241.91 267.592
248.777 272.982
253.269 280.411
247.74 286.553
240.76 290.138
233.695 290.873
221.948 291.282
210.333 288.982
220.742 279.954
233.908 278.82
242.175 279.305
242.161 280.204
234.097 280.177
220.389 281.067
