82.8485 175.974
90.1944 169.977
99.0156 169.159
107.615 171.65
115.745 175.971
155.057 172.437
169.692 166.994
185.018 165.599
200.333 169.451
212.695 178.559
136.445 199.34
133.976 211.607
131.207 223.513
128.727 235.628
118.742 255.194
125.157 256.955
131.642 257.353
141.247 256.992
150.818 255.692
95.5375 203.581
102.733 197.753
111.538 198.513
119.52 204.698
110.897 207.015
102.595 207.057
161.715 204.7
169.821 196.833
180.302 197.152
189.977 202.376
180.523 206.395
170.931 207.026
109.715 284.768
115.035 277.971
122.369 273.398
130.388 274.5
143.318 274.514
154.548 280.993
165.609 288.199
154.384 293.025
142.373 295.93
129.944 295.869
121.801 294.583
114.964 290.7
122.657 284.494
130.331 284.352
143.484 285.058
143.205 285.022
130.205 284.046
121.995 284.116
