100.742 209.923
112.304 201.388
127.187 199.346
142.15 200.363
156.941 204.122
200.596 201.575
213.989 197.692
227.642 196.765
241.407 198.804
251.63 206.855
178.983 230.386
179.427 244.848
179.64 259.278
179.697 273.587
159.922 295.255
169.144 295.053
178.603 294.833
187.728 294.809
196.678 294.548
117.115 236.523
127.614 229.752
139.671 230.222
150.04 238.543
138.862 241.296
126.964 241.13
205.279 237.849
214.631 228.81
227.08 227.631
238.559 235.335
227.773 239.684
215.933 239.625
143.217 329.521
153.398 320.64
164.659 315.165
177.152 316.981
189.693 315.191
201.686 319.769
212.586 326.644
201.567 331.633
189.502 333.36
177.538 333.765
165.558 334.218
153.555 334.045
163.346 324.366
176.911 323.987
190.976 323.83
191.267 324.759
177.099 324.705
163.074 325.453
