82.2353 163.2
89.235 157.316
98.4404 157.772
107.694 160.46
116.694 164.911
143.828 160.989
160.365 155.046
177.667 152.772
195.146 156.061
208.812 166.421
128.633 191.206
125.357 205.83
121.277 220.187
117.445 234.843
109.73 248.599
115.141 252.469
122.593 253.938
132.15 254.05
141.655 252.858
90.8536 192.167
97.6843 185.733
106.841 187.339
113.877 195.574
105.281 197.474
97.0708 197.172
157.939 194.908
165.993 187.24
177.163 187.443
187.387 193.492
178.082 198.002
167.521 198.739
106.265 279.293
109.996 273.221
116.652 270.425
122.998 272.297
136.242 272.316
148.309 277.045
160.773 282.937
150.624 291.31
137.959 296.086
124.711 296.954
115.81 294.248
109.192 288.063
116.177 281.201
123.317 281.632
138.627 282.38
138.777 282.511
123.142 281.84
115.728 280.814
