170.297 230.085
179.248 219.228
192.525 213.935
206.946 212.299
221.028 214.934
247.318 214.241
250.754 211.05
255.845 209.806
261.84 211.835
266.41 216.832
240.498 248.449
246.919 259.658
253.137 271.16
258.692 282.92
238.801 300.926
246.473 301.448
253.194 300.843
256.084 300.409
258.817 298.665
191.025 250.995
199.201 246.817
208.496 245.413
215.857 252.919
208.099 256.949
198.753 256.311
248.331 250.796
253.486 244.198
260.735 242.854
264.659 249.192
261.076 254.293
254.323 254.128
225.421 333.901
233.103 325.684
241.652 319.221
253.006 317.94
259.618 316.673
265.398 321.431
267.029 328.261
267.527 336.119
263.78 342.211
256.872 344.784
245.175 345.803
233.814 342.19
241.825 327.705
252.42 325.278
259.16 325.466
260.531 330.582
254.72 332.397
243.893 333.512
