171.524 222.454
183.766 215.614
197.98 213.68
212.128 214.048
225.532 218.357
252.659 219.642
257.029 218.017
261.753 216.437
266.81 216.01
271.777 217.902
243.881 241.458
251.941 253.66
259.757 265.135
267.679 277.441
243.753 299.771
252.997 299.239
260.639 298.229
265.039 297.39
268.434 295.686
190.071 247.457
198.478 243.843
207.295 243.197
215.054 248.382
206.966 250.819
198.243 250.551
251.194 248.8
256.566 244.108
262.77 243.278
267.421 248.085
262.414 250.722
256.827 250.469
229.503 333.525
239.187 325.972
249.949 319.447
262.234 318.042
268.325 317.447
272.351 322.027
270.846 329.039
270.926 334.666
267.606 339.545
262.372 341.773
250.852 342.117
239.85 338.94
247.028 329.692
261.036 328.502
265.658 328.327
265.639 328.302
261.303 328.629
248.001 330.321
