82.8316 197.62
90.0056 191.109
99.8338 188.284
110.095 188.907
120.406 190.775
171.964 188.993
183.808 185.929
195.829 184.688
208.007 185.87
218.553 191.129
146.162 217.646
145.433 232.408
144.69 246.478
144.231 260.845
131.795 273.616
138.334 275.503
145.732 276.636
154.638 275.374
162.793 273.429
98.3017 216.423
106.95 211.793
116.81 211.676
126.217 217.861
116.594 219.767
106.967 219.602
173.398 217.084
181.496 209.915
191.98 209.742
203.192 214.014
193.128 217.419
182.832 218.807
120.577 303.069
126.692 296.08
135.282 292.205
144.218 294.152
155.331 292.672
165.18 298.101
174.676 304.655
165.736 309.262
155.677 311.77
144.667 311.98
135.601 310.972
127.482 308.405
134.696 300.832
144.913 301.218
156.579 301.406
155.96 302.519
144.661 302.834
134.702 302.062
