84.7318 169.019
95.186 162.564
108.005 161.562
120.684 164.747
132.348 171.005
174.254 171.642
188.247 165.046
203.038 162.105
217.49 163.726
228.043 172.442
152.713 198.333
151.527 214.009
150.235 229.63
149.196 245.31
133.51 268.188
141.704 269.419
150.333 269.938
159.818 269.269
168.533 268.054
97.1566 203.356
105.272 196.666
116.172 197.138
124.572 204.285
115.153 207.536
105.065 207.371
183.919 207.08
192.004 198.539
203.879 198.242
213.4 204.303
204.47 209.136
193.811 209.527
120.769 305.32
128.076 295.86
137.578 290.117
148.532 292.209
161.751 290.822
172.848 297.802
183.379 306.656
174.292 317.141
162.244 322.265
149.194 322.282
137.342 321.254
127.03 315.343
139.347 303.565
149.02 303.714
160.938 304.285
161.123 306.455
148.896 305.79
138.63 305.804
