115.879 190.908
125.641 183.546
138.424 180.059
151.325 181.228
164.179 184.202
203.583 189.35
215.039 188.871
226.218 190.769
236.457 195.856
244.165 203.754
181.781 215.933
181.096 231.369
180.222 246.386
179.158 261.43
161.363 272.401
169.134 274.928
177.968 276.572
186.125 276.443
193.633 275.326
129.579 212.41
139.094 208.144
149.231 209.003
156.023 216.045
147.041 217.484
137.634 216.766
202.02 222.069
211.441 216.241
221.952 216.998
229.542 223.36
220.678 225.63
211.302 224.895
146.745 301.05
156.241 295.176
165.965 291.496
176.482 294.034
186.419 292.818
194.18 298.275
199.862 305.864
192.692 312.302
183.949 315.15
174.258 315.023
164.074 312.986
154.657 308.478
165.546 299.998
175.239 301.558
183.378 301.798
183.433 302.26
175.339 302.568
166.131 300.651
