82.5393 203.812
90.8711 196.514
102.794 194.068
114.902 195.11
126.816 198.326
172.852 194.577
189.647 190.555
206.64 188.87
223.362 191.883
237.569 200.973
151.443 223.155
149.841 240.301
148.263 257.162
147.159 274.516
131.947 289.508
140.87 291.972
151.157 293.266
162.618 291.573
173.388 289.461
96.9568 227.473
106.298 219.209
118.525 219.669
129.571 228.612
118.174 232.218
106.702 232.117
182.987 227.834
191.44 217.03
204.999 216.668
218.067 224.523
206.033 229.736
193.909 230.677
118.446 322.665
126.592 314.402
137.995 309.861
149.944 312.6
165.068 309.895
180.284 314.613
193.297 322.17
180.802 331.926
166.135 337.523
150.625 339.243
137.803 337.484
126.767 331.931
135.916 321.276
150.454 321.964
169.446 321.441
169.477 322.657
151.024 323.086
136.57 322.421
