180.263 203.254
188.155 195.347
198.967 190.624
210.299 189.703
221.463 192.093
250.041 197.975
254.519 195.566
259.452 195.057
264.597 195.389
268.625 199.043
239.251 215.395
245.804 228.118
252.592 241.725
258.972 255.758
233.706 270.503
240.658 272.061
247.096 272.772
251.575 271.334
255.313 268.74
190.677 218.351
198.761 213.37
206.545 212.11
212.822 216.128
206.803 218.984
198.543 219.827
246.132 217.799
251.97 214.015
258.653 214.59
261.54 220.522
256.602 222.638
250.866 221.387
215.715 300.827
224.604 291.945
235.175 287.728
246.411 287.416
251.674 287.011
253.857 291.545
251.315 298.83
252.405 306.792
249.682 313.475
243.507 316.853
232.073 316.841
221.443 311.347
231.899 296.537
243.934 295.459
249.101 296.053
247.828 301.548
242.163 302.79
230.987 303.813
