179.598 253.237
192.374 244.529
207.687 240.7
224.033 242.215
240.364 245.962
280.88 257.237
286.284 253.328
292.109 251.609
297.326 251.374
300.8 255.972
255.454 290.462
259.056 307.494
263.101 323.569
266.976 340.37
229.696 353.694
239.268 356.092
249.285 358.185
254.891 358.462
260.168 358.59
192.206 279.145
204.728 274.203
217.888 274.29
225.999 284.815
214.67 285.82
202.262 284.42
266.512 288.437
275.236 280.218
285.676 279.166
289.992 286.309
284.565 291.67
275.497 291.15
201.834 380.129
218.09 378.163
233.178 374.764
247.878 375.64
255.511 373.578
261.008 375.62
260.759 379.637
256.739 386.72
251.012 391.673
242.824 393.856
228.104 393.241
214.073 388.893
229.717 383.148
245.176 383.387
251.236 382.514
250.428 382.907
244.107 385.066
229.765 384.567
