103.392 221.21
109.875 216.201
119.203 215.828
128.288 218.682
137.28 223.364
171.344 222.156
185.797 219.039
200.95 219.305
215.722 223.33
227.912 231.218
154.745 247.936
151.463 262.433
147.45 275.979
143.507 289.372
132.867 304.268
139.928 307.143
147.921 308.147
159.094 307.626
170.051 305.449
113.752 248.272
120.904 242.832
130.124 244.118
138.077 252.64
129.275 255.202
120.705 254.019
181.932 252.645
189.189 244.512
199.546 244.015
210.579 249.84
200.592 255.163
190.941 255.805
127.97 329.527
132.662 324.597
140.184 322.512
148.451 324.876
162.709 322.571
176.351 326.131
188.833 330.361
178.774 340.484
165.998 346.534
151.737 347.443
141.103 345.609
132.181 340.003
139.886 332.123
149.434 333.485
166.236 332.183
166.547 333.23
150.205 334.05
140.169 332.865
