87.504 239.81
95.0774 230.808
106.138 227.321
117.478 228.336
128.453 232.816
178.932 233.952
193.597 229.801
209.868 229.86
224.346 235.809
236.006 246.71
151.786 277.275
149.696 294.075
147.108 310.364
145.123 326.619
131.575 346.15
139.295 348.451
148.182 349.127
158.318 347.927
167.362 346.369
97.2683 278.491
106.482 270.562
117.996 271.945
127.257 281.591
116.454 284.527
105.606 284.178
182.535 282.111
192.118 272.294
205.205 271.653
217.667 278.959
206.317 285.765
193.571 286.34
123.453 376.837
130.586 370.894
139.347 368.141
149.404 368.611
161.826 367.511
173.27 371.54
184.83 376.606
174.631 384.868
163.09 389.195
150.631 389.775
140.17 388.572
130.78 384.463
140.627 375.934
150.139 376.844
162.658 375.592
162.213 375.259
149.495 375.895
140.331 375.895
