190.455 194.602
203.298 182.835
219.774 177.894
236.896 181.367
253.279 188.197
278.305 195.991
283.518 189.785
289.539 185.441
295.045 186.327
298.366 190.902
269.562 216.682
276.716 229.272
284.031 241.292
290.878 253.171
262.819 276.283
271.538 276.819
279.756 276.817
283.555 275.619
286.005 274.117
208.654 218.379
219.016 216.427
228.453 216.218
237.522 220.558
229.073 223.349
218.971 222.504
275.062 220.506
282.069 217.315
287.535 217.861
290.406 221.503
286.649 223.797
281.095 223.249
239.062 308.099
253.743 301.342
267.831 295.621
282.371 295.518
287.893 295.078
289.863 300.43
287.654 304.41
287.756 312.442
285.388 318.784
279.246 320.925
264.862 320.259
251.28 314.983
262.827 306.387
279.423 305.323
283.248 304.53
282.86 305.978
279.596 306.953
262.479 308.029
