86.5055 170.045
92.0931 167.397
98.4361 165.982
105.498 167.047
112.073 169.097
148.869 166.443
162.447 163.543
176.522 164.864
189.553 169.301
201.523 175.341
129.87 193.09
124.909 209.496
119.584 225.126
114.669 241.22
107.352 257.543
112.269 259.177
118.943 260.296
128.274 259.768
137.382 258.734
94.0588 195.213
100.271 188.521
109.18 190.118
116.193 198.356
107.538 199.484
100.209 199.406
157.808 198.689
165.079 188.458
176.351 189.145
187.144 195.506
178.157 199.323
167.959 200.742
104.493 291.152
103.377 281.801
109.596 276.794
117.626 277.826
131.069 278.022
143.628 284.182
152.957 293.403
144.185 303.192
133.184 309.175
120.977 309.499
112.161 307.066
106.418 300.774
111.675 290.4
118.831 291.466
132.075 291.782
132.291 293.584
120.543 292.945
113.034 291.476
