80.1551 173.639
84.4827 173.322
89.9148 176.488
94.836 180.2
99.5077 183.797
125.901 174.595
140.341 171.114
155.211 170.15
169.663 173.386
181.699 181.747
113.764 206.739
107.66 221.698
100.968 236.235
94.5279 250.923
97.6161 269.44
102.254 271.366
107.027 271.444
115.385 270.441
124.001 269.03
88.8139 207.707
91.0789 199.581
99.8474 202.361
105.362 210.043
99.3451 211.809
92.5446 212.037
142.303 210.043
146.068 200.649
156.171 201.397
167.072 205.597
158.707 211.157
149.371 211.888
98.9668 302.983
97.0967 295.771
100.215 290.871
105.339 292.053
118.373 291.67
130.661 296.288
141.555 302.856
130.589 308.694
119.309 311.215
107.237 312.019
102.432 309.709
99.5943 306.51
103.431 300.077
107.19 301.141
120.472 301.275
119.439 301.496
106.301 300.527
103.212 299.753
