106.552 177.014
116.895 169.813
129.446 166.352
142.479 165.894
155.092 168.206
196.379 166.921
207.588 162.2
219.453 160.774
231.349 162.925
241.388 168.228
177.187 192.638
178.788 210.09
180.377 227.586
182.116 244.441
163.345 256.699
172.213 259.052
182.263 259.852
192.509 257.728
201.683 254.481
119.953 195.551
129.706 188.19
141.71 187.156
150.881 196.857
140.683 199.144
130.022 199.138
204.032 193.673
211.634 183.632
223.925 182.754
234.837 189.621
225.008 194.548
213.923 195.478
151.65 285.942
162.256 282.779
172.697 279.016
183.949 280.618
195.247 277.383
206.493 279.533
217.692 281.215
208.936 290.658
197.708 296.403
185.376 298.558
172.472 298.029
160.981 293.592
171.887 286.373
184.285 287.01
197.544 284.711
197.231 285.724
184.406 287.225
171.825 287.248
