104.894 231.939
114.068 223.057
127.442 219.693
141.077 220.491
154.827 223.898
200.695 223.965
214.244 220.951
227.828 220.451
241.107 223.199
251.153 231.014
178.775 251.117
178.018 265.103
177.218 279.539
176.629 293.432
160.538 309.703
168.461 310.581
177.52 311.311
187.044 310.799
195.63 310.107
120.129 255.769
130.647 247.999
143.4 248.511
153.595 257.35
142.295 259.604
130.398 259.842
203.273 257.735
213.06 249.866
225.187 249.755
236.382 256.932
225.763 260.966
214.078 260.621
145.727 342.391
154.243 333.652
164.787 328.426
176.544 329.507
189.483 328.573
201.195 333.508
211.929 341.507
202.611 351.383
191.303 357.44
177.372 358.77
164.325 357.968
153.637 352.074
161.956 338.66
176.448 339.067
192.351 338.754
192.871 345.745
177.168 346.846
162.676 345.508
