87.6032 194.077
95.8873 191.957
104.078 192.471
112.139 194.749
119.62 198.553
152.402 197.756
166.521 195.385
180.585 196.254
194.399 200.272
206.401 207.187
130.503 222.462
124.304 237.037
117.85 251.29
111.455 265.445
105.369 281.966
110.291 285.428
116.967 287.38
127.186 288.029
137.156 286.708
95.7341 221.103
102.268 213.917
112.009 216.35
119.057 225.986
109.454 227.456
100.924 226.481
158.228 229.588
166.736 220.88
178.778 222.985
189.192 230.509
178.813 233.968
167.58 233.332
96.9357 314.143
100.439 307.759
107.598 304.094
115.21 307.164
128.293 307.842
139.541 314.245
149.028 323.477
137.803 328.763
125.966 330.65
113.83 329.723
106.272 326.807
100.514 322.453
109.339 315.888
115.122 317.725
127.251 318.608
126.558 318.815
115.159 317.54
109.278 315.54
