121.76 198.972
130.324 187.697
144.751 181.696
159.338 179.321
174.117 180.195
218.045 173.891
229.382 170.468
241.551 169.377
253.593 171.354
261.383 179.283
202.681 208.156
205.565 222.027
208.71 235.906
211.757 249.891
195.212 272.032
204.718 271.199
213.781 270.07
222.476 268.109
230.019 266.055
142.914 220.122
154.072 212.858
166.309 211.078
176.588 217.421
166.362 222.723
154.639 224.01
223.365 211.783
232.922 203.215
244.01 200.758
254.045 205.938
246.253 212.87
235.023 214.159
186.908 305.045
195.603 295.109
205.915 287.289
218.482 286.349
229.029 283.157
238.938 287.339
246.814 294.965
240.62 302.113
232.33 306.933
222.212 309.636
209.778 310.975
197.742 309.553
205.689 297.874
220.202 295.057
232.399 293.1
232.197 294.881
220.05 297.128
205.859 299.33
