101.982 221.861
107.96 213.713
117.753 209.1
128.203 207.414
137.881 209.7
174.99 207.56
188.409 203.892
202.7 204.783
215.62 210.775
224.966 221.5
154.922 238.798
152.963 252.078
150.701 265.319
148.896 278.453
139.793 296.145
145.583 297.881
151.567 298.204
159.512 297.717
167.07 296.525
111.178 246.714
119.364 239.444
129.497 239.722
136.978 247.403
128.568 250.787
119.024 251.155
180.913 245.517
189.047 237.316
200.094 237.6
209.726 243.861
200.478 248.317
190.193 248.446
128.785 327.836
132.994 319.538
140.425 314.361
149.527 314.353
160.677 314.517
170.624 319.607
179.27 327.158
171.888 335.978
162.212 340.702
151.317 341.625
141.432 341.438
132.843 337.225
142.278 324.636
150.055 324.122
160.738 324.304
160.523 326.618
149.863 327.011
141.792 326.773
