152.781 196.401
162.897 188.326
175.349 183.38
188.127 182.423
200.848 183.742
237.65 181.85
244.183 177.849
250.855 175.856
258.115 176.181
264.353 181.98
223.323 218.117
228.51 233.448
233.809 248.134
238.459 263.623
214.326 281.482
224.25 281.787
234.119 281.254
240.301 279.97
245.893 278.308
163.423 222.623
174.757 216.979
186.423 215.528
196.218 222.597
186.776 226.914
174.77 226.791
236.478 218.939
243.693 210.6
252.619 209.141
260.134 213.391
254.565 219.686
246.138 220.454
194.251 313.299
207.342 309.232
219.782 304.05
233.121 303.869
238.961 301.399
245.443 302.822
250.769 306.266
246.188 315.411
239.82 322.874
230.751 325.326
217.946 326.76
204.691 322.007
217.556 312.927
231.716 311.35
238.16 310.412
237.946 310.914
230.55 312.561
217.481 313.381
