114.962 258.43
125.402 253.933
137.691 252.573
150.266 254.691
161.962 258.419
196.708 256.459
208.366 253.55
220.607 251.755
232.554 253.572
242.921 258.927
180.243 275.384
180.307 286.301
180.502 297.245
180.78 308.362
167.23 328.389
173.499 328.941
179.92 329.214
186.911 328.832
193.317 327.981
131.147 281.715
138.855 275.774
148.094 275.817
155.426 281.687
147.348 285.439
138.949 285.04
204.633 281.138
211.811 275.289
220.296 275.731
228.043 280.732
220.1 284.82
212.101 285.024
154.365 366.646
160.858 356.913
168.738 347.921
179.21 348.772
190.697 348.247
199.931 355.951
207.439 365.321
199.014 370.083
190.004 372.805
179.997 374.166
170.69 373.259
162.105 370.915
170.692 360.229
179.733 359.069
189.436 359.726
189.816 361.135
179.622 360.558
170.307 361.488
