74.8465 166.238
78.1523 160.519
83.0316 158.359
88.6457 159.242
94.1358 161.415
120.426 155.53
135.898 153.711
151.4 153.647
166.085 157.65
177.234 166.798
106.957 192.13
101.923 205.319
96.5736 217.685
91.0344 230.405
87.9461 247.383
90.8378 249.398
94.6559 250.536
102.459 250.07
109.612 249.139
80.3913 192.558
83.3599 184.629
92.275 185.756
99.3142 193.721
91.9158 196.034
84.1562 196.122
132.406 192.328
138.504 182.676
149.312 183.544
160.564 188.882
150.8 192.641
140.705 193.913
85.9537 281.958
83.5823 274.365
87.7681 269.289
93.8808 270.964
106.658 270.118
118.011 275.324
128.537 282.737
119.438 291.16
107.918 295.061
96.5416 296.4
90.5521 294.71
86.1081 289.98
91.2693 281.278
95.2165 281.907
109.245 281.077
108.794 282.258
94.9709 282.463
90.931 281.393
