82.911 139.377
88.7164 134.792
96.36 134.12
103.912 135.703
110.876 138.782
150.567 130.481
162.368 125.853
175.48 124.186
188.926 125.393
199.808 131.672
130.585 164.05
127.816 176.533
124.381 188.711
121.171 201.251
115.977 221.314
120.862 222.736
126.945 223.533
135.99 222.559
144.701 220.271
92.3647 168.511
99.5114 162.399
108.313 163.216
116.157 169.269
108.127 171.996
99.5371 171.851
158.932 165.229
166.644 157.115
177.868 156.363
188.352 161.486
179.986 166.836
169.085 167.899
109.89 250.328
112.692 242.907
118.944 238.224
126.417 238.779
138.775 237.829
150.217 242.805
160.765 248.944
150.09 253.289
139.359 256.555
128.107 257.777
120.973 257.255
114.925 254.757
120.062 247.708
127.524 246.752
140.829 246.136
140.103 246.771
127.17 246.913
119.688 247.406
