76.6015 226.632
81.1376 223.475
86.9415 224.547
92.5491 226.524
97.8995 229.601
122.724 228.728
136.648 225.904
150.317 226.336
163.202 229.744
174.228 235.5
113.009 259.234
106.719 273.674
100.253 287.469
94.5335 301.455
93.1732 318.169
98.7914 320.064
104.613 320.94
113.43 320.857
122.923 320.427
87.2684 257.114
91.5775 249.622
100.053 252.336
106.572 259.838
98.0928 261.72
91.0111 261.817
139.035 263.197
144.212 254.317
154.022 254.977
164.551 260.909
154.764 264.894
145.667 265.335
94.4681 345.602
93.8262 339.26
98.2518 335.861
103.324 337.66
115.271 338.225
126.03 343.896
137.123 350.167
126.609 354.717
116.208 357.09
104.714 357.03
99.5451 355.53
95.7886 351.368
100.433 344.847
103.99 346.619
116.52 346.338
116.086 346.349
103.93 345.373
100.174 344.638
