86.2991 246.244
91.3729 242.586
97.0174 242.02
102.991 243.57
108.788 246.349
130.505 238.601
143.866 235.603
157.751 235.824
171.622 239.439
183.167 247.6
117.849 267.81
110.744 279.444
103.934 290.377
97.6357 301.989
99.9211 319.191
103.05 319.519
106.712 319.875
114.071 320.184
121.705 320.336
97.2903 269.744
100.402 263.678
107.077 263.906
113.047 269.674
107.231 273.225
101.299 274.023
142.673 269.028
149.32 261.187
157.928 262.83
166.435 267.748
158 272.233
149.643 272.831
101.483 348.217
99.0898 341.397
100.549 334.036
106.579 333.582
118.348 334.41
128.675 340.945
137.817 348.508
131.292 357.395
122.056 363.22
111.053 364.608
104.698 362.146
101.571 354.712
105.787 345.174
108.923 345.211
120.508 345.148
120.418 346.426
109.837 347.261
106.283 345.879
