155.024 168.57
165.113 160.885
178.075 157.849
191.837 157.267
204.916 159.837
237.412 161.095
243.446 157.897
249.76 157.118
256.756 159.154
262.871 163.93
221.862 193.388
225.624 206.762
229.759 220.541
233.191 234.345
210.361 251.042
219.521 252.693
228.631 252.948
235.794 251.605
241.63 248.762
172.816 194.121
181.556 189.669
190.547 189.281
198.159 195.358
189.737 197.852
180.733 197.39
235.343 194.454
242.133 187.998
249.748 187.642
255.477 193.384
249.949 196.391
242.683 196.331
198.566 283.878
208.445 276.286
218.53 270.262
230.216 269.505
237.757 268.806
244.712 273.025
248.312 280.178
243.045 288.299
236.881 293.779
229.483 295.274
218.719 294.592
208.216 290.287
218.637 281.142
229.583 280.797
236.631 279.924
236.685 280.735
230.011 281.956
219.222 281.736
