104.213 194.495
114.406 186.046
127.697 181.88
141.512 180.852
154.665 183.727
196.886 180.86
210.204 176.534
225.271 177.148
239.381 181.893
249.582 191.912
177.162 211.951
177.593 227.896
177.891 243.349
178.371 258.885
164.465 273.792
171.626 274.843
179.562 274.897
188.162 274.462
196.264 272.717
121.207 219.49
130.742 213.749
141.797 212.843
151.155 218.906
141.187 221.451
130.855 221.943
205.156 218.287
214.562 211.623
226.042 211.967
236.026 217.237
226.115 220.614
215.103 220.849
152.02 306.292
160.049 297.345
169.265 289.688
180.942 290.444
192.502 288.604
202.602 294.984
210.758 303.24
202.944 311.765
193.447 316.729
182.123 318.669
170.868 317.683
160.571 313.951
168.578 302.034
181.265 300.385
194.373 300.686
194.109 301.599
181.297 302.768
168.738 302.532
