105.382 196.674
115.456 185.599
130.326 180.054
146.286 181.131
161.634 185.127
202.814 187.726
217.073 185.865
231.168 187.128
243.831 193.522
252.412 204.857
179.966 211.163
178.919 224.966
178.055 238.717
177.132 252.205
161.901 267.288
168.804 268.461
176.29 269.636
183.416 270.031
189.992 269.993
124.419 215.962
134.501 209.424
145.701 210.426
154.129 218.141
144.615 220.593
133.765 220.284
202.953 221.976
212.371 215.791
223.109 216.197
231.616 223.91
222.25 227.077
211.935 226.181
142.696 298.013
153.047 290.716
164.644 286.24
176.469 287.986
187.262 287.53
196.135 293.7
203.07 302.835
194.108 308.41
183.833 310.124
173.43 309.318
162.362 308.017
151.507 304.869
163.592 296.429
175.717 296.512
185.822 298.298
185.818 299.027
175.017 297.545
162.954 297.08
