119.136 210.557
132.63 199.79
150.303 196.541
168.113 198.58
185.308 203.952
225.581 204.902
238.633 199.801
252.397 197.551
266.858 198.54
278.192 205.919
207.353 238.498
209.587 254.917
212.442 270.908
215.033 286.055
193.052 302.765
201.798 303.48
211.427 303.956
220.467 303.214
227.703 302.174
145.581 234.405
156.396 230.058
167.224 230.877
174.377 239.461
164.856 241.445
154.305 240.215
229.149 239.416
236.673 231.529
247.15 230.522
256.11 236.248
248.672 241.187
238.809 241.35
168.247 336.638
181.884 330.39
194.994 324.473
209.258 326.6
219.9 323.992
229.73 328.281
238.879 335.374
230.162 343.023
219.126 346.912
207.39 347.568
193.633 347.656
180.23 344.441
194.959 336.226
208.884 335.811
218.484 335.137
218.219 335.216
208.257 335.861
194.774 336.225
