140.289 98.4883
145.89 95.0048
152.642 94.6275
159.09 96.1429
165.988 98.4501
181.295 99.0313
187.897 94.8273
195.058 92.0976
202.515 91.3178
209.524 94.4084
175.578 111.249
175.873 120.774
176.282 129.755
176.646 138.619
166.146 142.657
171.233 144.529
176.722 144.953
181.867 143.985
186.49 141.602
148.862 111.773
153.083 109.995
158.183 110.364
162.479 113.228
157.809 114.303
152.945 113.956
188.766 110.623
192.453 107.726
197.362 107.124
201.729 108.7
197.982 110.622
193.38 111.574
161.871 154.632
167.082 153.723
171.942 152.204
177.376 152.026
182.785 151.421
188.278 151.914
194.782 152.432
190.224 157.978
184.524 160.714
178.512 161.66
172.12 161.39
166.282 159.059
169.793 155.213
177.337 154.662
184.31 154.429
185.156 157.247
178.17 157.439
170.609 157.615
